opor_co_no,opor_no,opor_pwd,co_no,pd_no,exch_group_no,asset_acco_no_str
4141,41410001,NGFhOTE3ZGRkZjZmZDRjNmViMGI5Zjc3ZTU2YTVmZWI=,4141,41410001,41410001,41410001;
4141,41410001,NGFhOTE3ZGRkZjZmZDRjNmViMGI5Zjc3ZTU2YTVmZWI=,4141,41410002,41410002,41410002;
4141,41410001,NGFhOTE3ZGRkZjZmZDRjNmViMGI5Zjc3ZTU2YTVmZWI=,4141,41410003,41410003,41410003;
4141,41410001,NGFhOTE3ZGRkZjZmZDRjNmViMGI5Zjc3ZTU2YTVmZWI=,4141,41410004,41410004,41410004;
4141,41410001,NGFhOTE3ZGRkZjZmZDRjNmViMGI5Zjc3ZTU2YTVmZWI=,4141,41410005,41410005,41410005;
4141,41410001,NGFhOTE3ZGRkZjZmZDRjNmViMGI5Zjc3ZTU2YTVmZWI=,4141,41410006,41410006,41410006;
4141,41410001,NGFhOTE3ZGRkZjZmZDRjNmViMGI5Zjc3ZTU2YTVmZWI=,4141,41410007,41410007,41410007;
4141,41410001,NGFhOTE3ZGRkZjZmZDRjNmViMGI5Zjc3ZTU2YTVmZWI=,4141,41410008,41410008,41410008;
4141,41410001,NGFhOTE3ZGRkZjZmZDRjNmViMGI5Zjc3ZTU2YTVmZWI=,4141,41410009,41410009,41410009;
4141,41410001,NGFhOTE3ZGRkZjZmZDRjNmViMGI5Zjc3ZTU2YTVmZWI=,4141,41410010,41410010,41410010;
4141,41410001,NGFhOTE3ZGRkZjZmZDRjNmViMGI5Zjc3ZTU2YTVmZWI=,4141,41410011,41410011,41410011;
4141,41410001,NGFhOTE3ZGRkZjZmZDRjNmViMGI5Zjc3ZTU2YTVmZWI=,4141,41410012,41410012,41410012;
4141,41410001,NGFhOTE3ZGRkZjZmZDRjNmViMGI5Zjc3ZTU2YTVmZWI=,4141,41410013,41410013,41410013;
4141,41410001,NGFhOTE3ZGRkZjZmZDRjNmViMGI5Zjc3ZTU2YTVmZWI=,4141,41410014,41410014,41410014;
4141,41410001,NGFhOTE3ZGRkZjZmZDRjNmViMGI5Zjc3ZTU2YTVmZWI=,4141,41410015,41410015,41410015;
4141,41410001,NGFhOTE3ZGRkZjZmZDRjNmViMGI5Zjc3ZTU2YTVmZWI=,4141,41410016,41410016,41410016;
4141,41410001,NGFhOTE3ZGRkZjZmZDRjNmViMGI5Zjc3ZTU2YTVmZWI=,4141,41410017,41410017,41410017;
4141,41410001,NGFhOTE3ZGRkZjZmZDRjNmViMGI5Zjc3ZTU2YTVmZWI=,4141,41410018,41410018,41410018;
4141,41410001,NGFhOTE3ZGRkZjZmZDRjNmViMGI5Zjc3ZTU2YTVmZWI=,4141,41410019,41410019,41410019;
4141,41410001,NGFhOTE3ZGRkZjZmZDRjNmViMGI5Zjc3ZTU2YTVmZWI=,4141,41410020,41410020,41410020;
4141,41410001,NGFhOTE3ZGRkZjZmZDRjNmViMGI5Zjc3ZTU2YTVmZWI=,4141,41410021,41410021,41410021;
4141,41410001,NGFhOTE3ZGRkZjZmZDRjNmViMGI5Zjc3ZTU2YTVmZWI=,4141,41410022,41410022,41410022;
4141,41410001,NGFhOTE3ZGRkZjZmZDRjNmViMGI5Zjc3ZTU2YTVmZWI=,4141,41410023,41410023,41410023;
4141,41410001,NGFhOTE3ZGRkZjZmZDRjNmViMGI5Zjc3ZTU2YTVmZWI=,4141,41410024,41410024,41410024;
4141,41410001,NGFhOTE3ZGRkZjZmZDRjNmViMGI5Zjc3ZTU2YTVmZWI=,4141,41410025,41410025,41410025;
4141,41410001,NGFhOTE3ZGRkZjZmZDRjNmViMGI5Zjc3ZTU2YTVmZWI=,4141,41410026,41410026,41410026;
4141,41410001,NGFhOTE3ZGRkZjZmZDRjNmViMGI5Zjc3ZTU2YTVmZWI=,4141,41410027,41410027,41410027;
4141,41410001,NGFhOTE3ZGRkZjZmZDRjNmViMGI5Zjc3ZTU2YTVmZWI=,4141,41410028,41410028,41410028;
4141,41410001,NGFhOTE3ZGRkZjZmZDRjNmViMGI5Zjc3ZTU2YTVmZWI=,4141,41410029,41410029,41410029;
4141,41410001,NGFhOTE3ZGRkZjZmZDRjNmViMGI5Zjc3ZTU2YTVmZWI=,4141,41410030,41410030,41410030;
4141,41410001,NGFhOTE3ZGRkZjZmZDRjNmViMGI5Zjc3ZTU2YTVmZWI=,4141,41410031,41410031,41410031;
4141,41410001,NGFhOTE3ZGRkZjZmZDRjNmViMGI5Zjc3ZTU2YTVmZWI=,4141,41410032,41410032,41410032;
4141,41410001,NGFhOTE3ZGRkZjZmZDRjNmViMGI5Zjc3ZTU2YTVmZWI=,4141,41410033,41410033,41410033;
4141,41410001,NGFhOTE3ZGRkZjZmZDRjNmViMGI5Zjc3ZTU2YTVmZWI=,4141,41410034,41410034,41410034;
4141,41410001,NGFhOTE3ZGRkZjZmZDRjNmViMGI5Zjc3ZTU2YTVmZWI=,4141,41410035,41410035,41410035;
4141,41410001,NGFhOTE3ZGRkZjZmZDRjNmViMGI5Zjc3ZTU2YTVmZWI=,4141,41410036,41410036,41410036;
4141,41410001,NGFhOTE3ZGRkZjZmZDRjNmViMGI5Zjc3ZTU2YTVmZWI=,4141,41410037,41410037,41410037;
4141,41410001,NGFhOTE3ZGRkZjZmZDRjNmViMGI5Zjc3ZTU2YTVmZWI=,4141,41410038,41410038,41410038;
4141,41410001,NGFhOTE3ZGRkZjZmZDRjNmViMGI5Zjc3ZTU2YTVmZWI=,4141,41410039,41410039,41410039;
4141,41410001,NGFhOTE3ZGRkZjZmZDRjNmViMGI5Zjc3ZTU2YTVmZWI=,4141,41410040,41410040,41410040;
4141,41410001,NGFhOTE3ZGRkZjZmZDRjNmViMGI5Zjc3ZTU2YTVmZWI=,4141,41410041,41410041,41410041;
4141,41410001,NGFhOTE3ZGRkZjZmZDRjNmViMGI5Zjc3ZTU2YTVmZWI=,4141,41410042,41410042,41410042;
4141,41410001,NGFhOTE3ZGRkZjZmZDRjNmViMGI5Zjc3ZTU2YTVmZWI=,4141,41410043,41410043,41410043;
4141,41410001,NGFhOTE3ZGRkZjZmZDRjNmViMGI5Zjc3ZTU2YTVmZWI=,4141,41410044,41410044,41410044;
4141,41410001,NGFhOTE3ZGRkZjZmZDRjNmViMGI5Zjc3ZTU2YTVmZWI=,4141,41410045,41410045,41410045;
4141,41410001,NGFhOTE3ZGRkZjZmZDRjNmViMGI5Zjc3ZTU2YTVmZWI=,4141,41410046,41410046,41410046;
4141,41410001,NGFhOTE3ZGRkZjZmZDRjNmViMGI5Zjc3ZTU2YTVmZWI=,4141,41410047,41410047,41410047;
4141,41410001,NGFhOTE3ZGRkZjZmZDRjNmViMGI5Zjc3ZTU2YTVmZWI=,4141,41410048,41410048,41410048;
4141,41410001,NGFhOTE3ZGRkZjZmZDRjNmViMGI5Zjc3ZTU2YTVmZWI=,4141,41410049,41410049,41410049;
4141,41410001,NGFhOTE3ZGRkZjZmZDRjNmViMGI5Zjc3ZTU2YTVmZWI=,4141,41410050,41410050,41410050;
4141,41410001,NGFhOTE3ZGRkZjZmZDRjNmViMGI5Zjc3ZTU2YTVmZWI=,4141,41410051,41410051,41410051;
4141,41410001,NGFhOTE3ZGRkZjZmZDRjNmViMGI5Zjc3ZTU2YTVmZWI=,4141,41410052,41410052,41410052;
4141,41410001,NGFhOTE3ZGRkZjZmZDRjNmViMGI5Zjc3ZTU2YTVmZWI=,4141,41410053,41410053,41410053;
4141,41410001,NGFhOTE3ZGRkZjZmZDRjNmViMGI5Zjc3ZTU2YTVmZWI=,4141,41410054,41410054,41410054;
4141,41410001,NGFhOTE3ZGRkZjZmZDRjNmViMGI5Zjc3ZTU2YTVmZWI=,4141,41410055,41410055,41410055;
4141,41410001,NGFhOTE3ZGRkZjZmZDRjNmViMGI5Zjc3ZTU2YTVmZWI=,4141,41410056,41410056,41410056;
4141,41410001,NGFhOTE3ZGRkZjZmZDRjNmViMGI5Zjc3ZTU2YTVmZWI=,4141,41410057,41410057,41410057;
4141,41410001,NGFhOTE3ZGRkZjZmZDRjNmViMGI5Zjc3ZTU2YTVmZWI=,4141,41410058,41410058,41410058;
4141,41410001,NGFhOTE3ZGRkZjZmZDRjNmViMGI5Zjc3ZTU2YTVmZWI=,4141,41410059,41410059,41410059;
4141,41410001,NGFhOTE3ZGRkZjZmZDRjNmViMGI5Zjc3ZTU2YTVmZWI=,4141,41410060,41410060,41410060;
4141,41410001,NGFhOTE3ZGRkZjZmZDRjNmViMGI5Zjc3ZTU2YTVmZWI=,4141,41410061,41410061,41410061;
4141,41410001,NGFhOTE3ZGRkZjZmZDRjNmViMGI5Zjc3ZTU2YTVmZWI=,4141,41410062,41410062,41410062;
4141,41410001,NGFhOTE3ZGRkZjZmZDRjNmViMGI5Zjc3ZTU2YTVmZWI=,4141,41410063,41410063,41410063;
4141,41410001,NGFhOTE3ZGRkZjZmZDRjNmViMGI5Zjc3ZTU2YTVmZWI=,4141,41410064,41410064,41410064;
4141,41410001,NGFhOTE3ZGRkZjZmZDRjNmViMGI5Zjc3ZTU2YTVmZWI=,4141,41410065,41410065,41410065;
4141,41410001,NGFhOTE3ZGRkZjZmZDRjNmViMGI5Zjc3ZTU2YTVmZWI=,4141,41410066,41410066,41410066;
4141,41410001,NGFhOTE3ZGRkZjZmZDRjNmViMGI5Zjc3ZTU2YTVmZWI=,4141,41410067,41410067,41410067;
4141,41410001,NGFhOTE3ZGRkZjZmZDRjNmViMGI5Zjc3ZTU2YTVmZWI=,4141,41410068,41410068,41410068;
4141,41410001,NGFhOTE3ZGRkZjZmZDRjNmViMGI5Zjc3ZTU2YTVmZWI=,4141,41410069,41410069,41410069;
4141,41410001,NGFhOTE3ZGRkZjZmZDRjNmViMGI5Zjc3ZTU2YTVmZWI=,4141,41410070,41410070,41410070;
4141,41410001,NGFhOTE3ZGRkZjZmZDRjNmViMGI5Zjc3ZTU2YTVmZWI=,4141,41410071,41410071,41410071;
4141,41410001,NGFhOTE3ZGRkZjZmZDRjNmViMGI5Zjc3ZTU2YTVmZWI=,4141,41410072,41410072,41410072;
4141,41410001,NGFhOTE3ZGRkZjZmZDRjNmViMGI5Zjc3ZTU2YTVmZWI=,4141,41410073,41410073,41410073;
4141,41410001,NGFhOTE3ZGRkZjZmZDRjNmViMGI5Zjc3ZTU2YTVmZWI=,4141,41410074,41410074,41410074;
4141,41410001,NGFhOTE3ZGRkZjZmZDRjNmViMGI5Zjc3ZTU2YTVmZWI=,4141,41410075,41410075,41410075;
4141,41410001,NGFhOTE3ZGRkZjZmZDRjNmViMGI5Zjc3ZTU2YTVmZWI=,4141,41410076,41410076,41410076;
4141,41410001,NGFhOTE3ZGRkZjZmZDRjNmViMGI5Zjc3ZTU2YTVmZWI=,4141,41410077,41410077,41410077;
4141,41410001,NGFhOTE3ZGRkZjZmZDRjNmViMGI5Zjc3ZTU2YTVmZWI=,4141,41410078,41410078,41410078;
4141,41410001,NGFhOTE3ZGRkZjZmZDRjNmViMGI5Zjc3ZTU2YTVmZWI=,4141,41410079,41410079,41410079;
4141,41410001,NGFhOTE3ZGRkZjZmZDRjNmViMGI5Zjc3ZTU2YTVmZWI=,4141,41410080,41410080,41410080;
4141,41410001,NGFhOTE3ZGRkZjZmZDRjNmViMGI5Zjc3ZTU2YTVmZWI=,4141,41410081,41410081,41410081;
4141,41410001,NGFhOTE3ZGRkZjZmZDRjNmViMGI5Zjc3ZTU2YTVmZWI=,4141,41410082,41410082,41410082;
4141,41410001,NGFhOTE3ZGRkZjZmZDRjNmViMGI5Zjc3ZTU2YTVmZWI=,4141,41410083,41410083,41410083;
4141,41410001,NGFhOTE3ZGRkZjZmZDRjNmViMGI5Zjc3ZTU2YTVmZWI=,4141,41410084,41410084,41410084;
4141,41410001,NGFhOTE3ZGRkZjZmZDRjNmViMGI5Zjc3ZTU2YTVmZWI=,4141,41410085,41410085,41410085;
4141,41410001,NGFhOTE3ZGRkZjZmZDRjNmViMGI5Zjc3ZTU2YTVmZWI=,4141,41410086,41410086,41410086;
4141,41410001,NGFhOTE3ZGRkZjZmZDRjNmViMGI5Zjc3ZTU2YTVmZWI=,4141,41410087,41410087,41410087;
4141,41410001,NGFhOTE3ZGRkZjZmZDRjNmViMGI5Zjc3ZTU2YTVmZWI=,4141,41410088,41410088,41410088;
4141,41410001,NGFhOTE3ZGRkZjZmZDRjNmViMGI5Zjc3ZTU2YTVmZWI=,4141,41410089,41410089,41410089;
4141,41410001,NGFhOTE3ZGRkZjZmZDRjNmViMGI5Zjc3ZTU2YTVmZWI=,4141,41410090,41410090,41410090;
4141,41410001,NGFhOTE3ZGRkZjZmZDRjNmViMGI5Zjc3ZTU2YTVmZWI=,4141,41410091,41410091,41410091;
4141,41410001,NGFhOTE3ZGRkZjZmZDRjNmViMGI5Zjc3ZTU2YTVmZWI=,4141,41410092,41410092,41410092;
4141,41410001,NGFhOTE3ZGRkZjZmZDRjNmViMGI5Zjc3ZTU2YTVmZWI=,4141,41410093,41410093,41410093;
4141,41410001,NGFhOTE3ZGRkZjZmZDRjNmViMGI5Zjc3ZTU2YTVmZWI=,4141,41410094,41410094,41410094;
4141,41410001,NGFhOTE3ZGRkZjZmZDRjNmViMGI5Zjc3ZTU2YTVmZWI=,4141,41410095,41410095,41410095;
4141,41410001,NGFhOTE3ZGRkZjZmZDRjNmViMGI5Zjc3ZTU2YTVmZWI=,4141,41410096,41410096,41410096;
4141,41410001,NGFhOTE3ZGRkZjZmZDRjNmViMGI5Zjc3ZTU2YTVmZWI=,4141,41410097,41410097,41410097;
4141,41410001,NGFhOTE3ZGRkZjZmZDRjNmViMGI5Zjc3ZTU2YTVmZWI=,4141,41410098,41410098,41410098;
4141,41410001,NGFhOTE3ZGRkZjZmZDRjNmViMGI5Zjc3ZTU2YTVmZWI=,4141,41410099,41410099,41410099;
4141,41410001,NGFhOTE3ZGRkZjZmZDRjNmViMGI5Zjc3ZTU2YTVmZWI=,4141,41410100,41410100,41410100;
4242,42420001,NzhmOTdhNzdmYWNiZDJlMzg1ODZiNTNmZjYyZDA4MWY=,4242,42420001,42420001,42420001;
4242,42420001,NzhmOTdhNzdmYWNiZDJlMzg1ODZiNTNmZjYyZDA4MWY=,4242,42420002,42420002,42420002;
4242,42420001,NzhmOTdhNzdmYWNiZDJlMzg1ODZiNTNmZjYyZDA4MWY=,4242,42420003,42420003,42420003;
4242,42420001,NzhmOTdhNzdmYWNiZDJlMzg1ODZiNTNmZjYyZDA4MWY=,4242,42420004,42420004,42420004;
4242,42420001,NzhmOTdhNzdmYWNiZDJlMzg1ODZiNTNmZjYyZDA4MWY=,4242,42420005,42420005,42420005;
4242,42420001,NzhmOTdhNzdmYWNiZDJlMzg1ODZiNTNmZjYyZDA4MWY=,4242,42420006,42420006,42420006;
4242,42420001,NzhmOTdhNzdmYWNiZDJlMzg1ODZiNTNmZjYyZDA4MWY=,4242,42420007,42420007,42420007;
4242,42420001,NzhmOTdhNzdmYWNiZDJlMzg1ODZiNTNmZjYyZDA4MWY=,4242,42420008,42420008,42420008;
4242,42420001,NzhmOTdhNzdmYWNiZDJlMzg1ODZiNTNmZjYyZDA4MWY=,4242,42420009,42420009,42420009;
4242,42420001,NzhmOTdhNzdmYWNiZDJlMzg1ODZiNTNmZjYyZDA4MWY=,4242,42420010,42420010,42420010;
4242,42420001,NzhmOTdhNzdmYWNiZDJlMzg1ODZiNTNmZjYyZDA4MWY=,4242,42420011,42420011,42420011;
4242,42420001,NzhmOTdhNzdmYWNiZDJlMzg1ODZiNTNmZjYyZDA4MWY=,4242,42420012,42420012,42420012;
4242,42420001,NzhmOTdhNzdmYWNiZDJlMzg1ODZiNTNmZjYyZDA4MWY=,4242,42420013,42420013,42420013;
4242,42420001,NzhmOTdhNzdmYWNiZDJlMzg1ODZiNTNmZjYyZDA4MWY=,4242,42420014,42420014,42420014;
4242,42420001,NzhmOTdhNzdmYWNiZDJlMzg1ODZiNTNmZjYyZDA4MWY=,4242,42420015,42420015,42420015;
4242,42420001,NzhmOTdhNzdmYWNiZDJlMzg1ODZiNTNmZjYyZDA4MWY=,4242,42420016,42420016,42420016;
4242,42420001,NzhmOTdhNzdmYWNiZDJlMzg1ODZiNTNmZjYyZDA4MWY=,4242,42420017,42420017,42420017;
4242,42420001,NzhmOTdhNzdmYWNiZDJlMzg1ODZiNTNmZjYyZDA4MWY=,4242,42420018,42420018,42420018;
4242,42420001,NzhmOTdhNzdmYWNiZDJlMzg1ODZiNTNmZjYyZDA4MWY=,4242,42420019,42420019,42420019;
4242,42420001,NzhmOTdhNzdmYWNiZDJlMzg1ODZiNTNmZjYyZDA4MWY=,4242,42420020,42420020,42420020;
4242,42420001,NzhmOTdhNzdmYWNiZDJlMzg1ODZiNTNmZjYyZDA4MWY=,4242,42420021,42420021,42420021;
4242,42420001,NzhmOTdhNzdmYWNiZDJlMzg1ODZiNTNmZjYyZDA4MWY=,4242,42420022,42420022,42420022;
4242,42420001,NzhmOTdhNzdmYWNiZDJlMzg1ODZiNTNmZjYyZDA4MWY=,4242,42420023,42420023,42420023;
4242,42420001,NzhmOTdhNzdmYWNiZDJlMzg1ODZiNTNmZjYyZDA4MWY=,4242,42420024,42420024,42420024;
4242,42420001,NzhmOTdhNzdmYWNiZDJlMzg1ODZiNTNmZjYyZDA4MWY=,4242,42420025,42420025,42420025;
4242,42420001,NzhmOTdhNzdmYWNiZDJlMzg1ODZiNTNmZjYyZDA4MWY=,4242,42420026,42420026,42420026;
4242,42420001,NzhmOTdhNzdmYWNiZDJlMzg1ODZiNTNmZjYyZDA4MWY=,4242,42420027,42420027,42420027;
4242,42420001,NzhmOTdhNzdmYWNiZDJlMzg1ODZiNTNmZjYyZDA4MWY=,4242,42420028,42420028,42420028;
4242,42420001,NzhmOTdhNzdmYWNiZDJlMzg1ODZiNTNmZjYyZDA4MWY=,4242,42420029,42420029,42420029;
4242,42420001,NzhmOTdhNzdmYWNiZDJlMzg1ODZiNTNmZjYyZDA4MWY=,4242,42420030,42420030,42420030;
4242,42420001,NzhmOTdhNzdmYWNiZDJlMzg1ODZiNTNmZjYyZDA4MWY=,4242,42420031,42420031,42420031;
4242,42420001,NzhmOTdhNzdmYWNiZDJlMzg1ODZiNTNmZjYyZDA4MWY=,4242,42420032,42420032,42420032;
4242,42420001,NzhmOTdhNzdmYWNiZDJlMzg1ODZiNTNmZjYyZDA4MWY=,4242,42420033,42420033,42420033;
4242,42420001,NzhmOTdhNzdmYWNiZDJlMzg1ODZiNTNmZjYyZDA4MWY=,4242,42420034,42420034,42420034;
4242,42420001,NzhmOTdhNzdmYWNiZDJlMzg1ODZiNTNmZjYyZDA4MWY=,4242,42420035,42420035,42420035;
4242,42420001,NzhmOTdhNzdmYWNiZDJlMzg1ODZiNTNmZjYyZDA4MWY=,4242,42420036,42420036,42420036;
4242,42420001,NzhmOTdhNzdmYWNiZDJlMzg1ODZiNTNmZjYyZDA4MWY=,4242,42420037,42420037,42420037;
4242,42420001,NzhmOTdhNzdmYWNiZDJlMzg1ODZiNTNmZjYyZDA4MWY=,4242,42420038,42420038,42420038;
4242,42420001,NzhmOTdhNzdmYWNiZDJlMzg1ODZiNTNmZjYyZDA4MWY=,4242,42420039,42420039,42420039;
4242,42420001,NzhmOTdhNzdmYWNiZDJlMzg1ODZiNTNmZjYyZDA4MWY=,4242,42420040,42420040,42420040;
4242,42420001,NzhmOTdhNzdmYWNiZDJlMzg1ODZiNTNmZjYyZDA4MWY=,4242,42420041,42420041,42420041;
4242,42420001,NzhmOTdhNzdmYWNiZDJlMzg1ODZiNTNmZjYyZDA4MWY=,4242,42420042,42420042,42420042;
4242,42420001,NzhmOTdhNzdmYWNiZDJlMzg1ODZiNTNmZjYyZDA4MWY=,4242,42420043,42420043,42420043;
4242,42420001,NzhmOTdhNzdmYWNiZDJlMzg1ODZiNTNmZjYyZDA4MWY=,4242,42420044,42420044,42420044;
4242,42420001,NzhmOTdhNzdmYWNiZDJlMzg1ODZiNTNmZjYyZDA4MWY=,4242,42420045,42420045,42420045;
4242,42420001,NzhmOTdhNzdmYWNiZDJlMzg1ODZiNTNmZjYyZDA4MWY=,4242,42420046,42420046,42420046;
4242,42420001,NzhmOTdhNzdmYWNiZDJlMzg1ODZiNTNmZjYyZDA4MWY=,4242,42420047,42420047,42420047;
4242,42420001,NzhmOTdhNzdmYWNiZDJlMzg1ODZiNTNmZjYyZDA4MWY=,4242,42420048,42420048,42420048;
4242,42420001,NzhmOTdhNzdmYWNiZDJlMzg1ODZiNTNmZjYyZDA4MWY=,4242,42420049,42420049,42420049;
4242,42420001,NzhmOTdhNzdmYWNiZDJlMzg1ODZiNTNmZjYyZDA4MWY=,4242,42420050,42420050,42420050;
4242,42420001,NzhmOTdhNzdmYWNiZDJlMzg1ODZiNTNmZjYyZDA4MWY=,4242,42420051,42420051,42420051;
4242,42420001,NzhmOTdhNzdmYWNiZDJlMzg1ODZiNTNmZjYyZDA4MWY=,4242,42420052,42420052,42420052;
4242,42420001,NzhmOTdhNzdmYWNiZDJlMzg1ODZiNTNmZjYyZDA4MWY=,4242,42420053,42420053,42420053;
4242,42420001,NzhmOTdhNzdmYWNiZDJlMzg1ODZiNTNmZjYyZDA4MWY=,4242,42420054,42420054,42420054;
4242,42420001,NzhmOTdhNzdmYWNiZDJlMzg1ODZiNTNmZjYyZDA4MWY=,4242,42420055,42420055,42420055;
4242,42420001,NzhmOTdhNzdmYWNiZDJlMzg1ODZiNTNmZjYyZDA4MWY=,4242,42420056,42420056,42420056;
4242,42420001,NzhmOTdhNzdmYWNiZDJlMzg1ODZiNTNmZjYyZDA4MWY=,4242,42420057,42420057,42420057;
4242,42420001,NzhmOTdhNzdmYWNiZDJlMzg1ODZiNTNmZjYyZDA4MWY=,4242,42420058,42420058,42420058;
4242,42420001,NzhmOTdhNzdmYWNiZDJlMzg1ODZiNTNmZjYyZDA4MWY=,4242,42420059,42420059,42420059;
4242,42420001,NzhmOTdhNzdmYWNiZDJlMzg1ODZiNTNmZjYyZDA4MWY=,4242,42420060,42420060,42420060;
4242,42420001,NzhmOTdhNzdmYWNiZDJlMzg1ODZiNTNmZjYyZDA4MWY=,4242,42420061,42420061,42420061;
4242,42420001,NzhmOTdhNzdmYWNiZDJlMzg1ODZiNTNmZjYyZDA4MWY=,4242,42420062,42420062,42420062;
4242,42420001,NzhmOTdhNzdmYWNiZDJlMzg1ODZiNTNmZjYyZDA4MWY=,4242,42420063,42420063,42420063;
4242,42420001,NzhmOTdhNzdmYWNiZDJlMzg1ODZiNTNmZjYyZDA4MWY=,4242,42420064,42420064,42420064;
4242,42420001,NzhmOTdhNzdmYWNiZDJlMzg1ODZiNTNmZjYyZDA4MWY=,4242,42420065,42420065,42420065;
4242,42420001,NzhmOTdhNzdmYWNiZDJlMzg1ODZiNTNmZjYyZDA4MWY=,4242,42420066,42420066,42420066;
4242,42420001,NzhmOTdhNzdmYWNiZDJlMzg1ODZiNTNmZjYyZDA4MWY=,4242,42420067,42420067,42420067;
4242,42420001,NzhmOTdhNzdmYWNiZDJlMzg1ODZiNTNmZjYyZDA4MWY=,4242,42420068,42420068,42420068;
4242,42420001,NzhmOTdhNzdmYWNiZDJlMzg1ODZiNTNmZjYyZDA4MWY=,4242,42420069,42420069,42420069;
4242,42420001,NzhmOTdhNzdmYWNiZDJlMzg1ODZiNTNmZjYyZDA4MWY=,4242,42420070,42420070,42420070;
4242,42420001,NzhmOTdhNzdmYWNiZDJlMzg1ODZiNTNmZjYyZDA4MWY=,4242,42420071,42420071,42420071;
4242,42420001,NzhmOTdhNzdmYWNiZDJlMzg1ODZiNTNmZjYyZDA4MWY=,4242,42420072,42420072,42420072;
4242,42420001,NzhmOTdhNzdmYWNiZDJlMzg1ODZiNTNmZjYyZDA4MWY=,4242,42420073,42420073,42420073;
4242,42420001,NzhmOTdhNzdmYWNiZDJlMzg1ODZiNTNmZjYyZDA4MWY=,4242,42420074,42420074,42420074;
4242,42420001,NzhmOTdhNzdmYWNiZDJlMzg1ODZiNTNmZjYyZDA4MWY=,4242,42420075,42420075,42420075;
4242,42420001,NzhmOTdhNzdmYWNiZDJlMzg1ODZiNTNmZjYyZDA4MWY=,4242,42420076,42420076,42420076;
4242,42420001,NzhmOTdhNzdmYWNiZDJlMzg1ODZiNTNmZjYyZDA4MWY=,4242,42420077,42420077,42420077;
4242,42420001,NzhmOTdhNzdmYWNiZDJlMzg1ODZiNTNmZjYyZDA4MWY=,4242,42420078,42420078,42420078;
4242,42420001,NzhmOTdhNzdmYWNiZDJlMzg1ODZiNTNmZjYyZDA4MWY=,4242,42420079,42420079,42420079;
4242,42420001,NzhmOTdhNzdmYWNiZDJlMzg1ODZiNTNmZjYyZDA4MWY=,4242,42420080,42420080,42420080;
4242,42420001,NzhmOTdhNzdmYWNiZDJlMzg1ODZiNTNmZjYyZDA4MWY=,4242,42420081,42420081,42420081;
4242,42420001,NzhmOTdhNzdmYWNiZDJlMzg1ODZiNTNmZjYyZDA4MWY=,4242,42420082,42420082,42420082;
4242,42420001,NzhmOTdhNzdmYWNiZDJlMzg1ODZiNTNmZjYyZDA4MWY=,4242,42420083,42420083,42420083;
4242,42420001,NzhmOTdhNzdmYWNiZDJlMzg1ODZiNTNmZjYyZDA4MWY=,4242,42420084,42420084,42420084;
4242,42420001,NzhmOTdhNzdmYWNiZDJlMzg1ODZiNTNmZjYyZDA4MWY=,4242,42420085,42420085,42420085;
4242,42420001,NzhmOTdhNzdmYWNiZDJlMzg1ODZiNTNmZjYyZDA4MWY=,4242,42420086,42420086,42420086;
4242,42420001,NzhmOTdhNzdmYWNiZDJlMzg1ODZiNTNmZjYyZDA4MWY=,4242,42420087,42420087,42420087;
4242,42420001,NzhmOTdhNzdmYWNiZDJlMzg1ODZiNTNmZjYyZDA4MWY=,4242,42420088,42420088,42420088;
4242,42420001,NzhmOTdhNzdmYWNiZDJlMzg1ODZiNTNmZjYyZDA4MWY=,4242,42420089,42420089,42420089;
4242,42420001,NzhmOTdhNzdmYWNiZDJlMzg1ODZiNTNmZjYyZDA4MWY=,4242,42420090,42420090,42420090;
4242,42420001,NzhmOTdhNzdmYWNiZDJlMzg1ODZiNTNmZjYyZDA4MWY=,4242,42420091,42420091,42420091;
4242,42420001,NzhmOTdhNzdmYWNiZDJlMzg1ODZiNTNmZjYyZDA4MWY=,4242,42420092,42420092,42420092;
4242,42420001,NzhmOTdhNzdmYWNiZDJlMzg1ODZiNTNmZjYyZDA4MWY=,4242,42420093,42420093,42420093;
4242,42420001,NzhmOTdhNzdmYWNiZDJlMzg1ODZiNTNmZjYyZDA4MWY=,4242,42420094,42420094,42420094;
4242,42420001,NzhmOTdhNzdmYWNiZDJlMzg1ODZiNTNmZjYyZDA4MWY=,4242,42420095,42420095,42420095;
4242,42420001,NzhmOTdhNzdmYWNiZDJlMzg1ODZiNTNmZjYyZDA4MWY=,4242,42420096,42420096,42420096;
4242,42420001,NzhmOTdhNzdmYWNiZDJlMzg1ODZiNTNmZjYyZDA4MWY=,4242,42420097,42420097,42420097;
4242,42420001,NzhmOTdhNzdmYWNiZDJlMzg1ODZiNTNmZjYyZDA4MWY=,4242,42420098,42420098,42420098;
4242,42420001,NzhmOTdhNzdmYWNiZDJlMzg1ODZiNTNmZjYyZDA4MWY=,4242,42420099,42420099,42420099;
4242,42420001,NzhmOTdhNzdmYWNiZDJlMzg1ODZiNTNmZjYyZDA4MWY=,4242,42420100,42420100,42420100;
4343,43430001,MzU5NWZkMjliMzllYjdhMThjYTBhZTkyOWJkNDkwODU=,4343,43430001,43430001,43430001;
4343,43430001,MzU5NWZkMjliMzllYjdhMThjYTBhZTkyOWJkNDkwODU=,4343,43430002,43430002,43430002;
4343,43430001,MzU5NWZkMjliMzllYjdhMThjYTBhZTkyOWJkNDkwODU=,4343,43430003,43430003,43430003;
4343,43430001,MzU5NWZkMjliMzllYjdhMThjYTBhZTkyOWJkNDkwODU=,4343,43430004,43430004,43430004;
4343,43430001,MzU5NWZkMjliMzllYjdhMThjYTBhZTkyOWJkNDkwODU=,4343,43430005,43430005,43430005;
4343,43430001,MzU5NWZkMjliMzllYjdhMThjYTBhZTkyOWJkNDkwODU=,4343,43430006,43430006,43430006;
4343,43430001,MzU5NWZkMjliMzllYjdhMThjYTBhZTkyOWJkNDkwODU=,4343,43430007,43430007,43430007;
4343,43430001,MzU5NWZkMjliMzllYjdhMThjYTBhZTkyOWJkNDkwODU=,4343,43430008,43430008,43430008;
4343,43430001,MzU5NWZkMjliMzllYjdhMThjYTBhZTkyOWJkNDkwODU=,4343,43430009,43430009,43430009;
4343,43430001,MzU5NWZkMjliMzllYjdhMThjYTBhZTkyOWJkNDkwODU=,4343,43430010,43430010,43430010;
4343,43430001,MzU5NWZkMjliMzllYjdhMThjYTBhZTkyOWJkNDkwODU=,4343,43430011,43430011,43430011;
4343,43430001,MzU5NWZkMjliMzllYjdhMThjYTBhZTkyOWJkNDkwODU=,4343,43430012,43430012,43430012;
4343,43430001,MzU5NWZkMjliMzllYjdhMThjYTBhZTkyOWJkNDkwODU=,4343,43430013,43430013,43430013;
4343,43430001,MzU5NWZkMjliMzllYjdhMThjYTBhZTkyOWJkNDkwODU=,4343,43430014,43430014,43430014;
4343,43430001,MzU5NWZkMjliMzllYjdhMThjYTBhZTkyOWJkNDkwODU=,4343,43430015,43430015,43430015;
4343,43430001,MzU5NWZkMjliMzllYjdhMThjYTBhZTkyOWJkNDkwODU=,4343,43430016,43430016,43430016;
4343,43430001,MzU5NWZkMjliMzllYjdhMThjYTBhZTkyOWJkNDkwODU=,4343,43430017,43430017,43430017;
4343,43430001,MzU5NWZkMjliMzllYjdhMThjYTBhZTkyOWJkNDkwODU=,4343,43430018,43430018,43430018;
4343,43430001,MzU5NWZkMjliMzllYjdhMThjYTBhZTkyOWJkNDkwODU=,4343,43430019,43430019,43430019;
4343,43430001,MzU5NWZkMjliMzllYjdhMThjYTBhZTkyOWJkNDkwODU=,4343,43430020,43430020,43430020;
4343,43430001,MzU5NWZkMjliMzllYjdhMThjYTBhZTkyOWJkNDkwODU=,4343,43430021,43430021,43430021;
4343,43430001,MzU5NWZkMjliMzllYjdhMThjYTBhZTkyOWJkNDkwODU=,4343,43430022,43430022,43430022;
4343,43430001,MzU5NWZkMjliMzllYjdhMThjYTBhZTkyOWJkNDkwODU=,4343,43430023,43430023,43430023;
4343,43430001,MzU5NWZkMjliMzllYjdhMThjYTBhZTkyOWJkNDkwODU=,4343,43430024,43430024,43430024;
4343,43430001,MzU5NWZkMjliMzllYjdhMThjYTBhZTkyOWJkNDkwODU=,4343,43430025,43430025,43430025;
4343,43430001,MzU5NWZkMjliMzllYjdhMThjYTBhZTkyOWJkNDkwODU=,4343,43430026,43430026,43430026;
4343,43430001,MzU5NWZkMjliMzllYjdhMThjYTBhZTkyOWJkNDkwODU=,4343,43430027,43430027,43430027;
4343,43430001,MzU5NWZkMjliMzllYjdhMThjYTBhZTkyOWJkNDkwODU=,4343,43430028,43430028,43430028;
4343,43430001,MzU5NWZkMjliMzllYjdhMThjYTBhZTkyOWJkNDkwODU=,4343,43430029,43430029,43430029;
4343,43430001,MzU5NWZkMjliMzllYjdhMThjYTBhZTkyOWJkNDkwODU=,4343,43430030,43430030,43430030;
4343,43430001,MzU5NWZkMjliMzllYjdhMThjYTBhZTkyOWJkNDkwODU=,4343,43430031,43430031,43430031;
4343,43430001,MzU5NWZkMjliMzllYjdhMThjYTBhZTkyOWJkNDkwODU=,4343,43430032,43430032,43430032;
4343,43430001,MzU5NWZkMjliMzllYjdhMThjYTBhZTkyOWJkNDkwODU=,4343,43430033,43430033,43430033;
4343,43430001,MzU5NWZkMjliMzllYjdhMThjYTBhZTkyOWJkNDkwODU=,4343,43430034,43430034,43430034;
4343,43430001,MzU5NWZkMjliMzllYjdhMThjYTBhZTkyOWJkNDkwODU=,4343,43430035,43430035,43430035;
4343,43430001,MzU5NWZkMjliMzllYjdhMThjYTBhZTkyOWJkNDkwODU=,4343,43430036,43430036,43430036;
4343,43430001,MzU5NWZkMjliMzllYjdhMThjYTBhZTkyOWJkNDkwODU=,4343,43430037,43430037,43430037;
4343,43430001,MzU5NWZkMjliMzllYjdhMThjYTBhZTkyOWJkNDkwODU=,4343,43430038,43430038,43430038;
4343,43430001,MzU5NWZkMjliMzllYjdhMThjYTBhZTkyOWJkNDkwODU=,4343,43430039,43430039,43430039;
4343,43430001,MzU5NWZkMjliMzllYjdhMThjYTBhZTkyOWJkNDkwODU=,4343,43430040,43430040,43430040;
4343,43430001,MzU5NWZkMjliMzllYjdhMThjYTBhZTkyOWJkNDkwODU=,4343,43430041,43430041,43430041;
4343,43430001,MzU5NWZkMjliMzllYjdhMThjYTBhZTkyOWJkNDkwODU=,4343,43430042,43430042,43430042;
4343,43430001,MzU5NWZkMjliMzllYjdhMThjYTBhZTkyOWJkNDkwODU=,4343,43430043,43430043,43430043;
4343,43430001,MzU5NWZkMjliMzllYjdhMThjYTBhZTkyOWJkNDkwODU=,4343,43430044,43430044,43430044;
4343,43430001,MzU5NWZkMjliMzllYjdhMThjYTBhZTkyOWJkNDkwODU=,4343,43430045,43430045,43430045;
4343,43430001,MzU5NWZkMjliMzllYjdhMThjYTBhZTkyOWJkNDkwODU=,4343,43430046,43430046,43430046;
4343,43430001,MzU5NWZkMjliMzllYjdhMThjYTBhZTkyOWJkNDkwODU=,4343,43430047,43430047,43430047;
4343,43430001,MzU5NWZkMjliMzllYjdhMThjYTBhZTkyOWJkNDkwODU=,4343,43430048,43430048,43430048;
4343,43430001,MzU5NWZkMjliMzllYjdhMThjYTBhZTkyOWJkNDkwODU=,4343,43430049,43430049,43430049;
4343,43430001,MzU5NWZkMjliMzllYjdhMThjYTBhZTkyOWJkNDkwODU=,4343,43430050,43430050,43430050;
4343,43430001,MzU5NWZkMjliMzllYjdhMThjYTBhZTkyOWJkNDkwODU=,4343,43430051,43430051,43430051;
4343,43430001,MzU5NWZkMjliMzllYjdhMThjYTBhZTkyOWJkNDkwODU=,4343,43430052,43430052,43430052;
4343,43430001,MzU5NWZkMjliMzllYjdhMThjYTBhZTkyOWJkNDkwODU=,4343,43430053,43430053,43430053;
4343,43430001,MzU5NWZkMjliMzllYjdhMThjYTBhZTkyOWJkNDkwODU=,4343,43430054,43430054,43430054;
4343,43430001,MzU5NWZkMjliMzllYjdhMThjYTBhZTkyOWJkNDkwODU=,4343,43430055,43430055,43430055;
4343,43430001,MzU5NWZkMjliMzllYjdhMThjYTBhZTkyOWJkNDkwODU=,4343,43430056,43430056,43430056;
4343,43430001,MzU5NWZkMjliMzllYjdhMThjYTBhZTkyOWJkNDkwODU=,4343,43430057,43430057,43430057;
4343,43430001,MzU5NWZkMjliMzllYjdhMThjYTBhZTkyOWJkNDkwODU=,4343,43430058,43430058,43430058;
4343,43430001,MzU5NWZkMjliMzllYjdhMThjYTBhZTkyOWJkNDkwODU=,4343,43430059,43430059,43430059;
4343,43430001,MzU5NWZkMjliMzllYjdhMThjYTBhZTkyOWJkNDkwODU=,4343,43430060,43430060,43430060;
4343,43430001,MzU5NWZkMjliMzllYjdhMThjYTBhZTkyOWJkNDkwODU=,4343,43430061,43430061,43430061;
4343,43430001,MzU5NWZkMjliMzllYjdhMThjYTBhZTkyOWJkNDkwODU=,4343,43430062,43430062,43430062;
4343,43430001,MzU5NWZkMjliMzllYjdhMThjYTBhZTkyOWJkNDkwODU=,4343,43430063,43430063,43430063;
4343,43430001,MzU5NWZkMjliMzllYjdhMThjYTBhZTkyOWJkNDkwODU=,4343,43430064,43430064,43430064;
4343,43430001,MzU5NWZkMjliMzllYjdhMThjYTBhZTkyOWJkNDkwODU=,4343,43430065,43430065,43430065;
4343,43430001,MzU5NWZkMjliMzllYjdhMThjYTBhZTkyOWJkNDkwODU=,4343,43430066,43430066,43430066;
4343,43430001,MzU5NWZkMjliMzllYjdhMThjYTBhZTkyOWJkNDkwODU=,4343,43430067,43430067,43430067;
4343,43430001,MzU5NWZkMjliMzllYjdhMThjYTBhZTkyOWJkNDkwODU=,4343,43430068,43430068,43430068;
4343,43430001,MzU5NWZkMjliMzllYjdhMThjYTBhZTkyOWJkNDkwODU=,4343,43430069,43430069,43430069;
4343,43430001,MzU5NWZkMjliMzllYjdhMThjYTBhZTkyOWJkNDkwODU=,4343,43430070,43430070,43430070;
4343,43430001,MzU5NWZkMjliMzllYjdhMThjYTBhZTkyOWJkNDkwODU=,4343,43430071,43430071,43430071;
4343,43430001,MzU5NWZkMjliMzllYjdhMThjYTBhZTkyOWJkNDkwODU=,4343,43430072,43430072,43430072;
4343,43430001,MzU5NWZkMjliMzllYjdhMThjYTBhZTkyOWJkNDkwODU=,4343,43430073,43430073,43430073;
4343,43430001,MzU5NWZkMjliMzllYjdhMThjYTBhZTkyOWJkNDkwODU=,4343,43430074,43430074,43430074;
4343,43430001,MzU5NWZkMjliMzllYjdhMThjYTBhZTkyOWJkNDkwODU=,4343,43430075,43430075,43430075;
4343,43430001,MzU5NWZkMjliMzllYjdhMThjYTBhZTkyOWJkNDkwODU=,4343,43430076,43430076,43430076;
4343,43430001,MzU5NWZkMjliMzllYjdhMThjYTBhZTkyOWJkNDkwODU=,4343,43430077,43430077,43430077;
4343,43430001,MzU5NWZkMjliMzllYjdhMThjYTBhZTkyOWJkNDkwODU=,4343,43430078,43430078,43430078;
4343,43430001,MzU5NWZkMjliMzllYjdhMThjYTBhZTkyOWJkNDkwODU=,4343,43430079,43430079,43430079;
4343,43430001,MzU5NWZkMjliMzllYjdhMThjYTBhZTkyOWJkNDkwODU=,4343,43430080,43430080,43430080;
4343,43430001,MzU5NWZkMjliMzllYjdhMThjYTBhZTkyOWJkNDkwODU=,4343,43430081,43430081,43430081;
4343,43430001,MzU5NWZkMjliMzllYjdhMThjYTBhZTkyOWJkNDkwODU=,4343,43430082,43430082,43430082;
4343,43430001,MzU5NWZkMjliMzllYjdhMThjYTBhZTkyOWJkNDkwODU=,4343,43430083,43430083,43430083;
4343,43430001,MzU5NWZkMjliMzllYjdhMThjYTBhZTkyOWJkNDkwODU=,4343,43430084,43430084,43430084;
4343,43430001,MzU5NWZkMjliMzllYjdhMThjYTBhZTkyOWJkNDkwODU=,4343,43430085,43430085,43430085;
4343,43430001,MzU5NWZkMjliMzllYjdhMThjYTBhZTkyOWJkNDkwODU=,4343,43430086,43430086,43430086;
4343,43430001,MzU5NWZkMjliMzllYjdhMThjYTBhZTkyOWJkNDkwODU=,4343,43430087,43430087,43430087;
4343,43430001,MzU5NWZkMjliMzllYjdhMThjYTBhZTkyOWJkNDkwODU=,4343,43430088,43430088,43430088;
4343,43430001,MzU5NWZkMjliMzllYjdhMThjYTBhZTkyOWJkNDkwODU=,4343,43430089,43430089,43430089;
4343,43430001,MzU5NWZkMjliMzllYjdhMThjYTBhZTkyOWJkNDkwODU=,4343,43430090,43430090,43430090;
4343,43430001,MzU5NWZkMjliMzllYjdhMThjYTBhZTkyOWJkNDkwODU=,4343,43430091,43430091,43430091;
4343,43430001,MzU5NWZkMjliMzllYjdhMThjYTBhZTkyOWJkNDkwODU=,4343,43430092,43430092,43430092;
4343,43430001,MzU5NWZkMjliMzllYjdhMThjYTBhZTkyOWJkNDkwODU=,4343,43430093,43430093,43430093;
4343,43430001,MzU5NWZkMjliMzllYjdhMThjYTBhZTkyOWJkNDkwODU=,4343,43430094,43430094,43430094;
4343,43430001,MzU5NWZkMjliMzllYjdhMThjYTBhZTkyOWJkNDkwODU=,4343,43430095,43430095,43430095;
4343,43430001,MzU5NWZkMjliMzllYjdhMThjYTBhZTkyOWJkNDkwODU=,4343,43430096,43430096,43430096;
4343,43430001,MzU5NWZkMjliMzllYjdhMThjYTBhZTkyOWJkNDkwODU=,4343,43430097,43430097,43430097;
4343,43430001,MzU5NWZkMjliMzllYjdhMThjYTBhZTkyOWJkNDkwODU=,4343,43430098,43430098,43430098;
4343,43430001,MzU5NWZkMjliMzllYjdhMThjYTBhZTkyOWJkNDkwODU=,4343,43430099,43430099,43430099;
4343,43430001,MzU5NWZkMjliMzllYjdhMThjYTBhZTkyOWJkNDkwODU=,4343,43430100,43430100,43430100;
4444,44440001,ZDQyMmRmZDEyZjgzZWNiMTAxOWQ0OGViY2VhMzBhMmU=,4444,44440001,44440001,44440001;
4444,44440001,ZDQyMmRmZDEyZjgzZWNiMTAxOWQ0OGViY2VhMzBhMmU=,4444,44440002,44440002,44440002;
4444,44440001,ZDQyMmRmZDEyZjgzZWNiMTAxOWQ0OGViY2VhMzBhMmU=,4444,44440003,44440003,44440003;
4444,44440001,ZDQyMmRmZDEyZjgzZWNiMTAxOWQ0OGViY2VhMzBhMmU=,4444,44440004,44440004,44440004;
4444,44440001,ZDQyMmRmZDEyZjgzZWNiMTAxOWQ0OGViY2VhMzBhMmU=,4444,44440005,44440005,44440005;
4444,44440001,ZDQyMmRmZDEyZjgzZWNiMTAxOWQ0OGViY2VhMzBhMmU=,4444,44440006,44440006,44440006;
4444,44440001,ZDQyMmRmZDEyZjgzZWNiMTAxOWQ0OGViY2VhMzBhMmU=,4444,44440007,44440007,44440007;
4444,44440001,ZDQyMmRmZDEyZjgzZWNiMTAxOWQ0OGViY2VhMzBhMmU=,4444,44440008,44440008,44440008;
4444,44440001,ZDQyMmRmZDEyZjgzZWNiMTAxOWQ0OGViY2VhMzBhMmU=,4444,44440009,44440009,44440009;
4444,44440001,ZDQyMmRmZDEyZjgzZWNiMTAxOWQ0OGViY2VhMzBhMmU=,4444,44440010,44440010,44440010;
4444,44440001,ZDQyMmRmZDEyZjgzZWNiMTAxOWQ0OGViY2VhMzBhMmU=,4444,44440011,44440011,44440011;
4444,44440001,ZDQyMmRmZDEyZjgzZWNiMTAxOWQ0OGViY2VhMzBhMmU=,4444,44440012,44440012,44440012;
4444,44440001,ZDQyMmRmZDEyZjgzZWNiMTAxOWQ0OGViY2VhMzBhMmU=,4444,44440013,44440013,44440013;
4444,44440001,ZDQyMmRmZDEyZjgzZWNiMTAxOWQ0OGViY2VhMzBhMmU=,4444,44440014,44440014,44440014;
4444,44440001,ZDQyMmRmZDEyZjgzZWNiMTAxOWQ0OGViY2VhMzBhMmU=,4444,44440015,44440015,44440015;
4444,44440001,ZDQyMmRmZDEyZjgzZWNiMTAxOWQ0OGViY2VhMzBhMmU=,4444,44440016,44440016,44440016;
4444,44440001,ZDQyMmRmZDEyZjgzZWNiMTAxOWQ0OGViY2VhMzBhMmU=,4444,44440017,44440017,44440017;
4444,44440001,ZDQyMmRmZDEyZjgzZWNiMTAxOWQ0OGViY2VhMzBhMmU=,4444,44440018,44440018,44440018;
4444,44440001,ZDQyMmRmZDEyZjgzZWNiMTAxOWQ0OGViY2VhMzBhMmU=,4444,44440019,44440019,44440019;
4444,44440001,ZDQyMmRmZDEyZjgzZWNiMTAxOWQ0OGViY2VhMzBhMmU=,4444,44440020,44440020,44440020;
4444,44440001,ZDQyMmRmZDEyZjgzZWNiMTAxOWQ0OGViY2VhMzBhMmU=,4444,44440021,44440021,44440021;
4444,44440001,ZDQyMmRmZDEyZjgzZWNiMTAxOWQ0OGViY2VhMzBhMmU=,4444,44440022,44440022,44440022;
4444,44440001,ZDQyMmRmZDEyZjgzZWNiMTAxOWQ0OGViY2VhMzBhMmU=,4444,44440023,44440023,44440023;
4444,44440001,ZDQyMmRmZDEyZjgzZWNiMTAxOWQ0OGViY2VhMzBhMmU=,4444,44440024,44440024,44440024;
4444,44440001,ZDQyMmRmZDEyZjgzZWNiMTAxOWQ0OGViY2VhMzBhMmU=,4444,44440025,44440025,44440025;
4444,44440001,ZDQyMmRmZDEyZjgzZWNiMTAxOWQ0OGViY2VhMzBhMmU=,4444,44440026,44440026,44440026;
4444,44440001,ZDQyMmRmZDEyZjgzZWNiMTAxOWQ0OGViY2VhMzBhMmU=,4444,44440027,44440027,44440027;
4444,44440001,ZDQyMmRmZDEyZjgzZWNiMTAxOWQ0OGViY2VhMzBhMmU=,4444,44440028,44440028,44440028;
4444,44440001,ZDQyMmRmZDEyZjgzZWNiMTAxOWQ0OGViY2VhMzBhMmU=,4444,44440029,44440029,44440029;
4444,44440001,ZDQyMmRmZDEyZjgzZWNiMTAxOWQ0OGViY2VhMzBhMmU=,4444,44440030,44440030,44440030;
4444,44440001,ZDQyMmRmZDEyZjgzZWNiMTAxOWQ0OGViY2VhMzBhMmU=,4444,44440031,44440031,44440031;
4444,44440001,ZDQyMmRmZDEyZjgzZWNiMTAxOWQ0OGViY2VhMzBhMmU=,4444,44440032,44440032,44440032;
4444,44440001,ZDQyMmRmZDEyZjgzZWNiMTAxOWQ0OGViY2VhMzBhMmU=,4444,44440033,44440033,44440033;
4444,44440001,ZDQyMmRmZDEyZjgzZWNiMTAxOWQ0OGViY2VhMzBhMmU=,4444,44440034,44440034,44440034;
4444,44440001,ZDQyMmRmZDEyZjgzZWNiMTAxOWQ0OGViY2VhMzBhMmU=,4444,44440035,44440035,44440035;
4444,44440001,ZDQyMmRmZDEyZjgzZWNiMTAxOWQ0OGViY2VhMzBhMmU=,4444,44440036,44440036,44440036;
4444,44440001,ZDQyMmRmZDEyZjgzZWNiMTAxOWQ0OGViY2VhMzBhMmU=,4444,44440037,44440037,44440037;
4444,44440001,ZDQyMmRmZDEyZjgzZWNiMTAxOWQ0OGViY2VhMzBhMmU=,4444,44440038,44440038,44440038;
4444,44440001,ZDQyMmRmZDEyZjgzZWNiMTAxOWQ0OGViY2VhMzBhMmU=,4444,44440039,44440039,44440039;
4444,44440001,ZDQyMmRmZDEyZjgzZWNiMTAxOWQ0OGViY2VhMzBhMmU=,4444,44440040,44440040,44440040;
4444,44440001,ZDQyMmRmZDEyZjgzZWNiMTAxOWQ0OGViY2VhMzBhMmU=,4444,44440041,44440041,44440041;
4444,44440001,ZDQyMmRmZDEyZjgzZWNiMTAxOWQ0OGViY2VhMzBhMmU=,4444,44440042,44440042,44440042;
4444,44440001,ZDQyMmRmZDEyZjgzZWNiMTAxOWQ0OGViY2VhMzBhMmU=,4444,44440043,44440043,44440043;
4444,44440001,ZDQyMmRmZDEyZjgzZWNiMTAxOWQ0OGViY2VhMzBhMmU=,4444,44440044,44440044,44440044;
4444,44440001,ZDQyMmRmZDEyZjgzZWNiMTAxOWQ0OGViY2VhMzBhMmU=,4444,44440045,44440045,44440045;
4444,44440001,ZDQyMmRmZDEyZjgzZWNiMTAxOWQ0OGViY2VhMzBhMmU=,4444,44440046,44440046,44440046;
4444,44440001,ZDQyMmRmZDEyZjgzZWNiMTAxOWQ0OGViY2VhMzBhMmU=,4444,44440047,44440047,44440047;
4444,44440001,ZDQyMmRmZDEyZjgzZWNiMTAxOWQ0OGViY2VhMzBhMmU=,4444,44440048,44440048,44440048;
4444,44440001,ZDQyMmRmZDEyZjgzZWNiMTAxOWQ0OGViY2VhMzBhMmU=,4444,44440049,44440049,44440049;
4444,44440001,ZDQyMmRmZDEyZjgzZWNiMTAxOWQ0OGViY2VhMzBhMmU=,4444,44440050,44440050,44440050;
4444,44440001,ZDQyMmRmZDEyZjgzZWNiMTAxOWQ0OGViY2VhMzBhMmU=,4444,44440051,44440051,44440051;
4444,44440001,ZDQyMmRmZDEyZjgzZWNiMTAxOWQ0OGViY2VhMzBhMmU=,4444,44440052,44440052,44440052;
4444,44440001,ZDQyMmRmZDEyZjgzZWNiMTAxOWQ0OGViY2VhMzBhMmU=,4444,44440053,44440053,44440053;
4444,44440001,ZDQyMmRmZDEyZjgzZWNiMTAxOWQ0OGViY2VhMzBhMmU=,4444,44440054,44440054,44440054;
4444,44440001,ZDQyMmRmZDEyZjgzZWNiMTAxOWQ0OGViY2VhMzBhMmU=,4444,44440055,44440055,44440055;
4444,44440001,ZDQyMmRmZDEyZjgzZWNiMTAxOWQ0OGViY2VhMzBhMmU=,4444,44440056,44440056,44440056;
4444,44440001,ZDQyMmRmZDEyZjgzZWNiMTAxOWQ0OGViY2VhMzBhMmU=,4444,44440057,44440057,44440057;
4444,44440001,ZDQyMmRmZDEyZjgzZWNiMTAxOWQ0OGViY2VhMzBhMmU=,4444,44440058,44440058,44440058;
4444,44440001,ZDQyMmRmZDEyZjgzZWNiMTAxOWQ0OGViY2VhMzBhMmU=,4444,44440059,44440059,44440059;
4444,44440001,ZDQyMmRmZDEyZjgzZWNiMTAxOWQ0OGViY2VhMzBhMmU=,4444,44440060,44440060,44440060;
4444,44440001,ZDQyMmRmZDEyZjgzZWNiMTAxOWQ0OGViY2VhMzBhMmU=,4444,44440061,44440061,44440061;
4444,44440001,ZDQyMmRmZDEyZjgzZWNiMTAxOWQ0OGViY2VhMzBhMmU=,4444,44440062,44440062,44440062;
4444,44440001,ZDQyMmRmZDEyZjgzZWNiMTAxOWQ0OGViY2VhMzBhMmU=,4444,44440063,44440063,44440063;
4444,44440001,ZDQyMmRmZDEyZjgzZWNiMTAxOWQ0OGViY2VhMzBhMmU=,4444,44440064,44440064,44440064;
4444,44440001,ZDQyMmRmZDEyZjgzZWNiMTAxOWQ0OGViY2VhMzBhMmU=,4444,44440065,44440065,44440065;
4444,44440001,ZDQyMmRmZDEyZjgzZWNiMTAxOWQ0OGViY2VhMzBhMmU=,4444,44440066,44440066,44440066;
4444,44440001,ZDQyMmRmZDEyZjgzZWNiMTAxOWQ0OGViY2VhMzBhMmU=,4444,44440067,44440067,44440067;
4444,44440001,ZDQyMmRmZDEyZjgzZWNiMTAxOWQ0OGViY2VhMzBhMmU=,4444,44440068,44440068,44440068;
4444,44440001,ZDQyMmRmZDEyZjgzZWNiMTAxOWQ0OGViY2VhMzBhMmU=,4444,44440069,44440069,44440069;
4444,44440001,ZDQyMmRmZDEyZjgzZWNiMTAxOWQ0OGViY2VhMzBhMmU=,4444,44440070,44440070,44440070;
4444,44440001,ZDQyMmRmZDEyZjgzZWNiMTAxOWQ0OGViY2VhMzBhMmU=,4444,44440071,44440071,44440071;
4444,44440001,ZDQyMmRmZDEyZjgzZWNiMTAxOWQ0OGViY2VhMzBhMmU=,4444,44440072,44440072,44440072;
4444,44440001,ZDQyMmRmZDEyZjgzZWNiMTAxOWQ0OGViY2VhMzBhMmU=,4444,44440073,44440073,44440073;
4444,44440001,ZDQyMmRmZDEyZjgzZWNiMTAxOWQ0OGViY2VhMzBhMmU=,4444,44440074,44440074,44440074;
4444,44440001,ZDQyMmRmZDEyZjgzZWNiMTAxOWQ0OGViY2VhMzBhMmU=,4444,44440075,44440075,44440075;
4444,44440001,ZDQyMmRmZDEyZjgzZWNiMTAxOWQ0OGViY2VhMzBhMmU=,4444,44440076,44440076,44440076;
4444,44440001,ZDQyMmRmZDEyZjgzZWNiMTAxOWQ0OGViY2VhMzBhMmU=,4444,44440077,44440077,44440077;
4444,44440001,ZDQyMmRmZDEyZjgzZWNiMTAxOWQ0OGViY2VhMzBhMmU=,4444,44440078,44440078,44440078;
4444,44440001,ZDQyMmRmZDEyZjgzZWNiMTAxOWQ0OGViY2VhMzBhMmU=,4444,44440079,44440079,44440079;
4444,44440001,ZDQyMmRmZDEyZjgzZWNiMTAxOWQ0OGViY2VhMzBhMmU=,4444,44440080,44440080,44440080;
4444,44440001,ZDQyMmRmZDEyZjgzZWNiMTAxOWQ0OGViY2VhMzBhMmU=,4444,44440081,44440081,44440081;
4444,44440001,ZDQyMmRmZDEyZjgzZWNiMTAxOWQ0OGViY2VhMzBhMmU=,4444,44440082,44440082,44440082;
4444,44440001,ZDQyMmRmZDEyZjgzZWNiMTAxOWQ0OGViY2VhMzBhMmU=,4444,44440083,44440083,44440083;
4444,44440001,ZDQyMmRmZDEyZjgzZWNiMTAxOWQ0OGViY2VhMzBhMmU=,4444,44440084,44440084,44440084;
4444,44440001,ZDQyMmRmZDEyZjgzZWNiMTAxOWQ0OGViY2VhMzBhMmU=,4444,44440085,44440085,44440085;
4444,44440001,ZDQyMmRmZDEyZjgzZWNiMTAxOWQ0OGViY2VhMzBhMmU=,4444,44440086,44440086,44440086;
4444,44440001,ZDQyMmRmZDEyZjgzZWNiMTAxOWQ0OGViY2VhMzBhMmU=,4444,44440087,44440087,44440087;
4444,44440001,ZDQyMmRmZDEyZjgzZWNiMTAxOWQ0OGViY2VhMzBhMmU=,4444,44440088,44440088,44440088;
4444,44440001,ZDQyMmRmZDEyZjgzZWNiMTAxOWQ0OGViY2VhMzBhMmU=,4444,44440089,44440089,44440089;
4444,44440001,ZDQyMmRmZDEyZjgzZWNiMTAxOWQ0OGViY2VhMzBhMmU=,4444,44440090,44440090,44440090;
4444,44440001,ZDQyMmRmZDEyZjgzZWNiMTAxOWQ0OGViY2VhMzBhMmU=,4444,44440091,44440091,44440091;
4444,44440001,ZDQyMmRmZDEyZjgzZWNiMTAxOWQ0OGViY2VhMzBhMmU=,4444,44440092,44440092,44440092;
4444,44440001,ZDQyMmRmZDEyZjgzZWNiMTAxOWQ0OGViY2VhMzBhMmU=,4444,44440093,44440093,44440093;
4444,44440001,ZDQyMmRmZDEyZjgzZWNiMTAxOWQ0OGViY2VhMzBhMmU=,4444,44440094,44440094,44440094;
4444,44440001,ZDQyMmRmZDEyZjgzZWNiMTAxOWQ0OGViY2VhMzBhMmU=,4444,44440095,44440095,44440095;
4444,44440001,ZDQyMmRmZDEyZjgzZWNiMTAxOWQ0OGViY2VhMzBhMmU=,4444,44440096,44440096,44440096;
4444,44440001,ZDQyMmRmZDEyZjgzZWNiMTAxOWQ0OGViY2VhMzBhMmU=,4444,44440097,44440097,44440097;
4444,44440001,ZDQyMmRmZDEyZjgzZWNiMTAxOWQ0OGViY2VhMzBhMmU=,4444,44440098,44440098,44440098;
4444,44440001,ZDQyMmRmZDEyZjgzZWNiMTAxOWQ0OGViY2VhMzBhMmU=,4444,44440099,44440099,44440099;
4444,44440001,ZDQyMmRmZDEyZjgzZWNiMTAxOWQ0OGViY2VhMzBhMmU=,4444,44440100,44440100,44440100;
4545,45450001,MDk1MmRkYTY0NjhkMGIyNDQ5MjUxNzhlNDM0NWZlNmI=,4545,45450001,45450001,45450001;
4545,45450001,MDk1MmRkYTY0NjhkMGIyNDQ5MjUxNzhlNDM0NWZlNmI=,4545,45450002,45450002,45450002;
4545,45450001,MDk1MmRkYTY0NjhkMGIyNDQ5MjUxNzhlNDM0NWZlNmI=,4545,45450003,45450003,45450003;
4545,45450001,MDk1MmRkYTY0NjhkMGIyNDQ5MjUxNzhlNDM0NWZlNmI=,4545,45450004,45450004,45450004;
4545,45450001,MDk1MmRkYTY0NjhkMGIyNDQ5MjUxNzhlNDM0NWZlNmI=,4545,45450005,45450005,45450005;
4545,45450001,MDk1MmRkYTY0NjhkMGIyNDQ5MjUxNzhlNDM0NWZlNmI=,4545,45450006,45450006,45450006;
4545,45450001,MDk1MmRkYTY0NjhkMGIyNDQ5MjUxNzhlNDM0NWZlNmI=,4545,45450007,45450007,45450007;
4545,45450001,MDk1MmRkYTY0NjhkMGIyNDQ5MjUxNzhlNDM0NWZlNmI=,4545,45450008,45450008,45450008;
4545,45450001,MDk1MmRkYTY0NjhkMGIyNDQ5MjUxNzhlNDM0NWZlNmI=,4545,45450009,45450009,45450009;
4545,45450001,MDk1MmRkYTY0NjhkMGIyNDQ5MjUxNzhlNDM0NWZlNmI=,4545,45450010,45450010,45450010;
4545,45450001,MDk1MmRkYTY0NjhkMGIyNDQ5MjUxNzhlNDM0NWZlNmI=,4545,45450011,45450011,45450011;
4545,45450001,MDk1MmRkYTY0NjhkMGIyNDQ5MjUxNzhlNDM0NWZlNmI=,4545,45450012,45450012,45450012;
4545,45450001,MDk1MmRkYTY0NjhkMGIyNDQ5MjUxNzhlNDM0NWZlNmI=,4545,45450013,45450013,45450013;
4545,45450001,MDk1MmRkYTY0NjhkMGIyNDQ5MjUxNzhlNDM0NWZlNmI=,4545,45450014,45450014,45450014;
4545,45450001,MDk1MmRkYTY0NjhkMGIyNDQ5MjUxNzhlNDM0NWZlNmI=,4545,45450015,45450015,45450015;
4545,45450001,MDk1MmRkYTY0NjhkMGIyNDQ5MjUxNzhlNDM0NWZlNmI=,4545,45450016,45450016,45450016;
4545,45450001,MDk1MmRkYTY0NjhkMGIyNDQ5MjUxNzhlNDM0NWZlNmI=,4545,45450017,45450017,45450017;
4545,45450001,MDk1MmRkYTY0NjhkMGIyNDQ5MjUxNzhlNDM0NWZlNmI=,4545,45450018,45450018,45450018;
4545,45450001,MDk1MmRkYTY0NjhkMGIyNDQ5MjUxNzhlNDM0NWZlNmI=,4545,45450019,45450019,45450019;
4545,45450001,MDk1MmRkYTY0NjhkMGIyNDQ5MjUxNzhlNDM0NWZlNmI=,4545,45450020,45450020,45450020;
4545,45450001,MDk1MmRkYTY0NjhkMGIyNDQ5MjUxNzhlNDM0NWZlNmI=,4545,45450021,45450021,45450021;
4545,45450001,MDk1MmRkYTY0NjhkMGIyNDQ5MjUxNzhlNDM0NWZlNmI=,4545,45450022,45450022,45450022;
4545,45450001,MDk1MmRkYTY0NjhkMGIyNDQ5MjUxNzhlNDM0NWZlNmI=,4545,45450023,45450023,45450023;
4545,45450001,MDk1MmRkYTY0NjhkMGIyNDQ5MjUxNzhlNDM0NWZlNmI=,4545,45450024,45450024,45450024;
4545,45450001,MDk1MmRkYTY0NjhkMGIyNDQ5MjUxNzhlNDM0NWZlNmI=,4545,45450025,45450025,45450025;
4545,45450001,MDk1MmRkYTY0NjhkMGIyNDQ5MjUxNzhlNDM0NWZlNmI=,4545,45450026,45450026,45450026;
4545,45450001,MDk1MmRkYTY0NjhkMGIyNDQ5MjUxNzhlNDM0NWZlNmI=,4545,45450027,45450027,45450027;
4545,45450001,MDk1MmRkYTY0NjhkMGIyNDQ5MjUxNzhlNDM0NWZlNmI=,4545,45450028,45450028,45450028;
4545,45450001,MDk1MmRkYTY0NjhkMGIyNDQ5MjUxNzhlNDM0NWZlNmI=,4545,45450029,45450029,45450029;
4545,45450001,MDk1MmRkYTY0NjhkMGIyNDQ5MjUxNzhlNDM0NWZlNmI=,4545,45450030,45450030,45450030;
4545,45450001,MDk1MmRkYTY0NjhkMGIyNDQ5MjUxNzhlNDM0NWZlNmI=,4545,45450031,45450031,45450031;
4545,45450001,MDk1MmRkYTY0NjhkMGIyNDQ5MjUxNzhlNDM0NWZlNmI=,4545,45450032,45450032,45450032;
4545,45450001,MDk1MmRkYTY0NjhkMGIyNDQ5MjUxNzhlNDM0NWZlNmI=,4545,45450033,45450033,45450033;
4545,45450001,MDk1MmRkYTY0NjhkMGIyNDQ5MjUxNzhlNDM0NWZlNmI=,4545,45450034,45450034,45450034;
4545,45450001,MDk1MmRkYTY0NjhkMGIyNDQ5MjUxNzhlNDM0NWZlNmI=,4545,45450035,45450035,45450035;
4545,45450001,MDk1MmRkYTY0NjhkMGIyNDQ5MjUxNzhlNDM0NWZlNmI=,4545,45450036,45450036,45450036;
4545,45450001,MDk1MmRkYTY0NjhkMGIyNDQ5MjUxNzhlNDM0NWZlNmI=,4545,45450037,45450037,45450037;
4545,45450001,MDk1MmRkYTY0NjhkMGIyNDQ5MjUxNzhlNDM0NWZlNmI=,4545,45450038,45450038,45450038;
4545,45450001,MDk1MmRkYTY0NjhkMGIyNDQ5MjUxNzhlNDM0NWZlNmI=,4545,45450039,45450039,45450039;
4545,45450001,MDk1MmRkYTY0NjhkMGIyNDQ5MjUxNzhlNDM0NWZlNmI=,4545,45450040,45450040,45450040;
4545,45450001,MDk1MmRkYTY0NjhkMGIyNDQ5MjUxNzhlNDM0NWZlNmI=,4545,45450041,45450041,45450041;
4545,45450001,MDk1MmRkYTY0NjhkMGIyNDQ5MjUxNzhlNDM0NWZlNmI=,4545,45450042,45450042,45450042;
4545,45450001,MDk1MmRkYTY0NjhkMGIyNDQ5MjUxNzhlNDM0NWZlNmI=,4545,45450043,45450043,45450043;
4545,45450001,MDk1MmRkYTY0NjhkMGIyNDQ5MjUxNzhlNDM0NWZlNmI=,4545,45450044,45450044,45450044;
4545,45450001,MDk1MmRkYTY0NjhkMGIyNDQ5MjUxNzhlNDM0NWZlNmI=,4545,45450045,45450045,45450045;
4545,45450001,MDk1MmRkYTY0NjhkMGIyNDQ5MjUxNzhlNDM0NWZlNmI=,4545,45450046,45450046,45450046;
4545,45450001,MDk1MmRkYTY0NjhkMGIyNDQ5MjUxNzhlNDM0NWZlNmI=,4545,45450047,45450047,45450047;
4545,45450001,MDk1MmRkYTY0NjhkMGIyNDQ5MjUxNzhlNDM0NWZlNmI=,4545,45450048,45450048,45450048;
4545,45450001,MDk1MmRkYTY0NjhkMGIyNDQ5MjUxNzhlNDM0NWZlNmI=,4545,45450049,45450049,45450049;
4545,45450001,MDk1MmRkYTY0NjhkMGIyNDQ5MjUxNzhlNDM0NWZlNmI=,4545,45450050,45450050,45450050;
4545,45450001,MDk1MmRkYTY0NjhkMGIyNDQ5MjUxNzhlNDM0NWZlNmI=,4545,45450051,45450051,45450051;
4545,45450001,MDk1MmRkYTY0NjhkMGIyNDQ5MjUxNzhlNDM0NWZlNmI=,4545,45450052,45450052,45450052;
4545,45450001,MDk1MmRkYTY0NjhkMGIyNDQ5MjUxNzhlNDM0NWZlNmI=,4545,45450053,45450053,45450053;
4545,45450001,MDk1MmRkYTY0NjhkMGIyNDQ5MjUxNzhlNDM0NWZlNmI=,4545,45450054,45450054,45450054;
4545,45450001,MDk1MmRkYTY0NjhkMGIyNDQ5MjUxNzhlNDM0NWZlNmI=,4545,45450055,45450055,45450055;
4545,45450001,MDk1MmRkYTY0NjhkMGIyNDQ5MjUxNzhlNDM0NWZlNmI=,4545,45450056,45450056,45450056;
4545,45450001,MDk1MmRkYTY0NjhkMGIyNDQ5MjUxNzhlNDM0NWZlNmI=,4545,45450057,45450057,45450057;
4545,45450001,MDk1MmRkYTY0NjhkMGIyNDQ5MjUxNzhlNDM0NWZlNmI=,4545,45450058,45450058,45450058;
4545,45450001,MDk1MmRkYTY0NjhkMGIyNDQ5MjUxNzhlNDM0NWZlNmI=,4545,45450059,45450059,45450059;
4545,45450001,MDk1MmRkYTY0NjhkMGIyNDQ5MjUxNzhlNDM0NWZlNmI=,4545,45450060,45450060,45450060;
4545,45450001,MDk1MmRkYTY0NjhkMGIyNDQ5MjUxNzhlNDM0NWZlNmI=,4545,45450061,45450061,45450061;
4545,45450001,MDk1MmRkYTY0NjhkMGIyNDQ5MjUxNzhlNDM0NWZlNmI=,4545,45450062,45450062,45450062;
4545,45450001,MDk1MmRkYTY0NjhkMGIyNDQ5MjUxNzhlNDM0NWZlNmI=,4545,45450063,45450063,45450063;
4545,45450001,MDk1MmRkYTY0NjhkMGIyNDQ5MjUxNzhlNDM0NWZlNmI=,4545,45450064,45450064,45450064;
4545,45450001,MDk1MmRkYTY0NjhkMGIyNDQ5MjUxNzhlNDM0NWZlNmI=,4545,45450065,45450065,45450065;
4545,45450001,MDk1MmRkYTY0NjhkMGIyNDQ5MjUxNzhlNDM0NWZlNmI=,4545,45450066,45450066,45450066;
4545,45450001,MDk1MmRkYTY0NjhkMGIyNDQ5MjUxNzhlNDM0NWZlNmI=,4545,45450067,45450067,45450067;
4545,45450001,MDk1MmRkYTY0NjhkMGIyNDQ5MjUxNzhlNDM0NWZlNmI=,4545,45450068,45450068,45450068;
4545,45450001,MDk1MmRkYTY0NjhkMGIyNDQ5MjUxNzhlNDM0NWZlNmI=,4545,45450069,45450069,45450069;
4545,45450001,MDk1MmRkYTY0NjhkMGIyNDQ5MjUxNzhlNDM0NWZlNmI=,4545,45450070,45450070,45450070;
4545,45450001,MDk1MmRkYTY0NjhkMGIyNDQ5MjUxNzhlNDM0NWZlNmI=,4545,45450071,45450071,45450071;
4545,45450001,MDk1MmRkYTY0NjhkMGIyNDQ5MjUxNzhlNDM0NWZlNmI=,4545,45450072,45450072,45450072;
4545,45450001,MDk1MmRkYTY0NjhkMGIyNDQ5MjUxNzhlNDM0NWZlNmI=,4545,45450073,45450073,45450073;
4545,45450001,MDk1MmRkYTY0NjhkMGIyNDQ5MjUxNzhlNDM0NWZlNmI=,4545,45450074,45450074,45450074;
4545,45450001,MDk1MmRkYTY0NjhkMGIyNDQ5MjUxNzhlNDM0NWZlNmI=,4545,45450075,45450075,45450075;
4545,45450001,MDk1MmRkYTY0NjhkMGIyNDQ5MjUxNzhlNDM0NWZlNmI=,4545,45450076,45450076,45450076;
4545,45450001,MDk1MmRkYTY0NjhkMGIyNDQ5MjUxNzhlNDM0NWZlNmI=,4545,45450077,45450077,45450077;
4545,45450001,MDk1MmRkYTY0NjhkMGIyNDQ5MjUxNzhlNDM0NWZlNmI=,4545,45450078,45450078,45450078;
4545,45450001,MDk1MmRkYTY0NjhkMGIyNDQ5MjUxNzhlNDM0NWZlNmI=,4545,45450079,45450079,45450079;
4545,45450001,MDk1MmRkYTY0NjhkMGIyNDQ5MjUxNzhlNDM0NWZlNmI=,4545,45450080,45450080,45450080;
4545,45450001,MDk1MmRkYTY0NjhkMGIyNDQ5MjUxNzhlNDM0NWZlNmI=,4545,45450081,45450081,45450081;
4545,45450001,MDk1MmRkYTY0NjhkMGIyNDQ5MjUxNzhlNDM0NWZlNmI=,4545,45450082,45450082,45450082;
4545,45450001,MDk1MmRkYTY0NjhkMGIyNDQ5MjUxNzhlNDM0NWZlNmI=,4545,45450083,45450083,45450083;
4545,45450001,MDk1MmRkYTY0NjhkMGIyNDQ5MjUxNzhlNDM0NWZlNmI=,4545,45450084,45450084,45450084;
4545,45450001,MDk1MmRkYTY0NjhkMGIyNDQ5MjUxNzhlNDM0NWZlNmI=,4545,45450085,45450085,45450085;
4545,45450001,MDk1MmRkYTY0NjhkMGIyNDQ5MjUxNzhlNDM0NWZlNmI=,4545,45450086,45450086,45450086;
4545,45450001,MDk1MmRkYTY0NjhkMGIyNDQ5MjUxNzhlNDM0NWZlNmI=,4545,45450087,45450087,45450087;
4545,45450001,MDk1MmRkYTY0NjhkMGIyNDQ5MjUxNzhlNDM0NWZlNmI=,4545,45450088,45450088,45450088;
4545,45450001,MDk1MmRkYTY0NjhkMGIyNDQ5MjUxNzhlNDM0NWZlNmI=,4545,45450089,45450089,45450089;
4545,45450001,MDk1MmRkYTY0NjhkMGIyNDQ5MjUxNzhlNDM0NWZlNmI=,4545,45450090,45450090,45450090;
4545,45450001,MDk1MmRkYTY0NjhkMGIyNDQ5MjUxNzhlNDM0NWZlNmI=,4545,45450091,45450091,45450091;
4545,45450001,MDk1MmRkYTY0NjhkMGIyNDQ5MjUxNzhlNDM0NWZlNmI=,4545,45450092,45450092,45450092;
4545,45450001,MDk1MmRkYTY0NjhkMGIyNDQ5MjUxNzhlNDM0NWZlNmI=,4545,45450093,45450093,45450093;
4545,45450001,MDk1MmRkYTY0NjhkMGIyNDQ5MjUxNzhlNDM0NWZlNmI=,4545,45450094,45450094,45450094;
4545,45450001,MDk1MmRkYTY0NjhkMGIyNDQ5MjUxNzhlNDM0NWZlNmI=,4545,45450095,45450095,45450095;
4545,45450001,MDk1MmRkYTY0NjhkMGIyNDQ5MjUxNzhlNDM0NWZlNmI=,4545,45450096,45450096,45450096;
4545,45450001,MDk1MmRkYTY0NjhkMGIyNDQ5MjUxNzhlNDM0NWZlNmI=,4545,45450097,45450097,45450097;
4545,45450001,MDk1MmRkYTY0NjhkMGIyNDQ5MjUxNzhlNDM0NWZlNmI=,4545,45450098,45450098,45450098;
4545,45450001,MDk1MmRkYTY0NjhkMGIyNDQ5MjUxNzhlNDM0NWZlNmI=,4545,45450099,45450099,45450099;
4545,45450001,MDk1MmRkYTY0NjhkMGIyNDQ5MjUxNzhlNDM0NWZlNmI=,4545,45450100,45450100,45450100;
4040,40400001,Y2FhZGI0YmI3NjM1ZTFmMDIwNmQ5NGM2YzE5OTI5MmM=,4040,40400001,40400001,40400001;
4040,40400001,Y2FhZGI0YmI3NjM1ZTFmMDIwNmQ5NGM2YzE5OTI5MmM=,4040,40400002,40400002,40400002;
4040,40400001,Y2FhZGI0YmI3NjM1ZTFmMDIwNmQ5NGM2YzE5OTI5MmM=,4040,40400003,40400003,40400003;
4040,40400001,Y2FhZGI0YmI3NjM1ZTFmMDIwNmQ5NGM2YzE5OTI5MmM=,4040,40400004,40400004,40400004;
4040,40400001,Y2FhZGI0YmI3NjM1ZTFmMDIwNmQ5NGM2YzE5OTI5MmM=,4040,40400005,40400005,40400005;
4040,40400001,Y2FhZGI0YmI3NjM1ZTFmMDIwNmQ5NGM2YzE5OTI5MmM=,4040,40400006,40400006,40400006;
4040,40400001,Y2FhZGI0YmI3NjM1ZTFmMDIwNmQ5NGM2YzE5OTI5MmM=,4040,40400007,40400007,40400007;
4040,40400001,Y2FhZGI0YmI3NjM1ZTFmMDIwNmQ5NGM2YzE5OTI5MmM=,4040,40400008,40400008,40400008;
4040,40400001,Y2FhZGI0YmI3NjM1ZTFmMDIwNmQ5NGM2YzE5OTI5MmM=,4040,40400009,40400009,40400009;
4040,40400001,Y2FhZGI0YmI3NjM1ZTFmMDIwNmQ5NGM2YzE5OTI5MmM=,4040,40400010,40400010,40400010;
4040,40400001,Y2FhZGI0YmI3NjM1ZTFmMDIwNmQ5NGM2YzE5OTI5MmM=,4040,40400011,40400011,40400011;
4040,40400001,Y2FhZGI0YmI3NjM1ZTFmMDIwNmQ5NGM2YzE5OTI5MmM=,4040,40400012,40400012,40400012;
4040,40400001,Y2FhZGI0YmI3NjM1ZTFmMDIwNmQ5NGM2YzE5OTI5MmM=,4040,40400013,40400013,40400013;
4040,40400001,Y2FhZGI0YmI3NjM1ZTFmMDIwNmQ5NGM2YzE5OTI5MmM=,4040,40400014,40400014,40400014;
4040,40400001,Y2FhZGI0YmI3NjM1ZTFmMDIwNmQ5NGM2YzE5OTI5MmM=,4040,40400015,40400015,40400015;
4040,40400001,Y2FhZGI0YmI3NjM1ZTFmMDIwNmQ5NGM2YzE5OTI5MmM=,4040,40400016,40400016,40400016;
4040,40400001,Y2FhZGI0YmI3NjM1ZTFmMDIwNmQ5NGM2YzE5OTI5MmM=,4040,40400017,40400017,40400017;
4040,40400001,Y2FhZGI0YmI3NjM1ZTFmMDIwNmQ5NGM2YzE5OTI5MmM=,4040,40400018,40400018,40400018;
4040,40400001,Y2FhZGI0YmI3NjM1ZTFmMDIwNmQ5NGM2YzE5OTI5MmM=,4040,40400019,40400019,40400019;
4040,40400001,Y2FhZGI0YmI3NjM1ZTFmMDIwNmQ5NGM2YzE5OTI5MmM=,4040,40400020,40400020,40400020;
4040,40400001,Y2FhZGI0YmI3NjM1ZTFmMDIwNmQ5NGM2YzE5OTI5MmM=,4040,40400021,40400021,40400021;
4040,40400001,Y2FhZGI0YmI3NjM1ZTFmMDIwNmQ5NGM2YzE5OTI5MmM=,4040,40400022,40400022,40400022;
4040,40400001,Y2FhZGI0YmI3NjM1ZTFmMDIwNmQ5NGM2YzE5OTI5MmM=,4040,40400023,40400023,40400023;
4040,40400001,Y2FhZGI0YmI3NjM1ZTFmMDIwNmQ5NGM2YzE5OTI5MmM=,4040,40400024,40400024,40400024;
4040,40400001,Y2FhZGI0YmI3NjM1ZTFmMDIwNmQ5NGM2YzE5OTI5MmM=,4040,40400025,40400025,40400025;
4040,40400001,Y2FhZGI0YmI3NjM1ZTFmMDIwNmQ5NGM2YzE5OTI5MmM=,4040,40400026,40400026,40400026;
4040,40400001,Y2FhZGI0YmI3NjM1ZTFmMDIwNmQ5NGM2YzE5OTI5MmM=,4040,40400027,40400027,40400027;
4040,40400001,Y2FhZGI0YmI3NjM1ZTFmMDIwNmQ5NGM2YzE5OTI5MmM=,4040,40400028,40400028,40400028;
4040,40400001,Y2FhZGI0YmI3NjM1ZTFmMDIwNmQ5NGM2YzE5OTI5MmM=,4040,40400029,40400029,40400029;
4040,40400001,Y2FhZGI0YmI3NjM1ZTFmMDIwNmQ5NGM2YzE5OTI5MmM=,4040,40400030,40400030,40400030;
4040,40400001,Y2FhZGI0YmI3NjM1ZTFmMDIwNmQ5NGM2YzE5OTI5MmM=,4040,40400031,40400031,40400031;
4040,40400001,Y2FhZGI0YmI3NjM1ZTFmMDIwNmQ5NGM2YzE5OTI5MmM=,4040,40400032,40400032,40400032;
4040,40400001,Y2FhZGI0YmI3NjM1ZTFmMDIwNmQ5NGM2YzE5OTI5MmM=,4040,40400033,40400033,40400033;
4040,40400001,Y2FhZGI0YmI3NjM1ZTFmMDIwNmQ5NGM2YzE5OTI5MmM=,4040,40400034,40400034,40400034;
4040,40400001,Y2FhZGI0YmI3NjM1ZTFmMDIwNmQ5NGM2YzE5OTI5MmM=,4040,40400035,40400035,40400035;
4040,40400001,Y2FhZGI0YmI3NjM1ZTFmMDIwNmQ5NGM2YzE5OTI5MmM=,4040,40400036,40400036,40400036;
4040,40400001,Y2FhZGI0YmI3NjM1ZTFmMDIwNmQ5NGM2YzE5OTI5MmM=,4040,40400037,40400037,40400037;
4040,40400001,Y2FhZGI0YmI3NjM1ZTFmMDIwNmQ5NGM2YzE5OTI5MmM=,4040,40400038,40400038,40400038;
4040,40400001,Y2FhZGI0YmI3NjM1ZTFmMDIwNmQ5NGM2YzE5OTI5MmM=,4040,40400039,40400039,40400039;
4040,40400001,Y2FhZGI0YmI3NjM1ZTFmMDIwNmQ5NGM2YzE5OTI5MmM=,4040,40400040,40400040,40400040;
4040,40400001,Y2FhZGI0YmI3NjM1ZTFmMDIwNmQ5NGM2YzE5OTI5MmM=,4040,40400041,40400041,40400041;
4040,40400001,Y2FhZGI0YmI3NjM1ZTFmMDIwNmQ5NGM2YzE5OTI5MmM=,4040,40400042,40400042,40400042;
4040,40400001,Y2FhZGI0YmI3NjM1ZTFmMDIwNmQ5NGM2YzE5OTI5MmM=,4040,40400043,40400043,40400043;
4040,40400001,Y2FhZGI0YmI3NjM1ZTFmMDIwNmQ5NGM2YzE5OTI5MmM=,4040,40400044,40400044,40400044;
4040,40400001,Y2FhZGI0YmI3NjM1ZTFmMDIwNmQ5NGM2YzE5OTI5MmM=,4040,40400045,40400045,40400045;
4040,40400001,Y2FhZGI0YmI3NjM1ZTFmMDIwNmQ5NGM2YzE5OTI5MmM=,4040,40400046,40400046,40400046;
4040,40400001,Y2FhZGI0YmI3NjM1ZTFmMDIwNmQ5NGM2YzE5OTI5MmM=,4040,40400047,40400047,40400047;
4040,40400001,Y2FhZGI0YmI3NjM1ZTFmMDIwNmQ5NGM2YzE5OTI5MmM=,4040,40400048,40400048,40400048;
4040,40400001,Y2FhZGI0YmI3NjM1ZTFmMDIwNmQ5NGM2YzE5OTI5MmM=,4040,40400049,40400049,40400049;
4040,40400001,Y2FhZGI0YmI3NjM1ZTFmMDIwNmQ5NGM2YzE5OTI5MmM=,4040,40400050,40400050,40400050;
4040,40400001,Y2FhZGI0YmI3NjM1ZTFmMDIwNmQ5NGM2YzE5OTI5MmM=,4040,40400051,40400051,40400051;
4040,40400001,Y2FhZGI0YmI3NjM1ZTFmMDIwNmQ5NGM2YzE5OTI5MmM=,4040,40400052,40400052,40400052;
4040,40400001,Y2FhZGI0YmI3NjM1ZTFmMDIwNmQ5NGM2YzE5OTI5MmM=,4040,40400053,40400053,40400053;
4040,40400001,Y2FhZGI0YmI3NjM1ZTFmMDIwNmQ5NGM2YzE5OTI5MmM=,4040,40400054,40400054,40400054;
4040,40400001,Y2FhZGI0YmI3NjM1ZTFmMDIwNmQ5NGM2YzE5OTI5MmM=,4040,40400055,40400055,40400055;
4040,40400001,Y2FhZGI0YmI3NjM1ZTFmMDIwNmQ5NGM2YzE5OTI5MmM=,4040,40400056,40400056,40400056;
4040,40400001,Y2FhZGI0YmI3NjM1ZTFmMDIwNmQ5NGM2YzE5OTI5MmM=,4040,40400057,40400057,40400057;
4040,40400001,Y2FhZGI0YmI3NjM1ZTFmMDIwNmQ5NGM2YzE5OTI5MmM=,4040,40400058,40400058,40400058;
4040,40400001,Y2FhZGI0YmI3NjM1ZTFmMDIwNmQ5NGM2YzE5OTI5MmM=,4040,40400059,40400059,40400059;
4040,40400001,Y2FhZGI0YmI3NjM1ZTFmMDIwNmQ5NGM2YzE5OTI5MmM=,4040,40400060,40400060,40400060;
4040,40400001,Y2FhZGI0YmI3NjM1ZTFmMDIwNmQ5NGM2YzE5OTI5MmM=,4040,40400061,40400061,40400061;
4040,40400001,Y2FhZGI0YmI3NjM1ZTFmMDIwNmQ5NGM2YzE5OTI5MmM=,4040,40400062,40400062,40400062;
4040,40400001,Y2FhZGI0YmI3NjM1ZTFmMDIwNmQ5NGM2YzE5OTI5MmM=,4040,40400063,40400063,40400063;
4040,40400001,Y2FhZGI0YmI3NjM1ZTFmMDIwNmQ5NGM2YzE5OTI5MmM=,4040,40400064,40400064,40400064;
4040,40400001,Y2FhZGI0YmI3NjM1ZTFmMDIwNmQ5NGM2YzE5OTI5MmM=,4040,40400065,40400065,40400065;
4040,40400001,Y2FhZGI0YmI3NjM1ZTFmMDIwNmQ5NGM2YzE5OTI5MmM=,4040,40400066,40400066,40400066;
4040,40400001,Y2FhZGI0YmI3NjM1ZTFmMDIwNmQ5NGM2YzE5OTI5MmM=,4040,40400067,40400067,40400067;
4040,40400001,Y2FhZGI0YmI3NjM1ZTFmMDIwNmQ5NGM2YzE5OTI5MmM=,4040,40400068,40400068,40400068;
4040,40400001,Y2FhZGI0YmI3NjM1ZTFmMDIwNmQ5NGM2YzE5OTI5MmM=,4040,40400069,40400069,40400069;
4040,40400001,Y2FhZGI0YmI3NjM1ZTFmMDIwNmQ5NGM2YzE5OTI5MmM=,4040,40400070,40400070,40400070;
4040,40400001,Y2FhZGI0YmI3NjM1ZTFmMDIwNmQ5NGM2YzE5OTI5MmM=,4040,40400071,40400071,40400071;
4040,40400001,Y2FhZGI0YmI3NjM1ZTFmMDIwNmQ5NGM2YzE5OTI5MmM=,4040,40400072,40400072,40400072;
4040,40400001,Y2FhZGI0YmI3NjM1ZTFmMDIwNmQ5NGM2YzE5OTI5MmM=,4040,40400073,40400073,40400073;
4040,40400001,Y2FhZGI0YmI3NjM1ZTFmMDIwNmQ5NGM2YzE5OTI5MmM=,4040,40400074,40400074,40400074;
4040,40400001,Y2FhZGI0YmI3NjM1ZTFmMDIwNmQ5NGM2YzE5OTI5MmM=,4040,40400075,40400075,40400075;
4040,40400001,Y2FhZGI0YmI3NjM1ZTFmMDIwNmQ5NGM2YzE5OTI5MmM=,4040,40400076,40400076,40400076;
4040,40400001,Y2FhZGI0YmI3NjM1ZTFmMDIwNmQ5NGM2YzE5OTI5MmM=,4040,40400077,40400077,40400077;
4040,40400001,Y2FhZGI0YmI3NjM1ZTFmMDIwNmQ5NGM2YzE5OTI5MmM=,4040,40400078,40400078,40400078;
4040,40400001,Y2FhZGI0YmI3NjM1ZTFmMDIwNmQ5NGM2YzE5OTI5MmM=,4040,40400079,40400079,40400079;
4040,40400001,Y2FhZGI0YmI3NjM1ZTFmMDIwNmQ5NGM2YzE5OTI5MmM=,4040,40400080,40400080,40400080;
4040,40400001,Y2FhZGI0YmI3NjM1ZTFmMDIwNmQ5NGM2YzE5OTI5MmM=,4040,40400081,40400081,40400081;
4040,40400001,Y2FhZGI0YmI3NjM1ZTFmMDIwNmQ5NGM2YzE5OTI5MmM=,4040,40400082,40400082,40400082;
4040,40400001,Y2FhZGI0YmI3NjM1ZTFmMDIwNmQ5NGM2YzE5OTI5MmM=,4040,40400083,40400083,40400083;
4040,40400001,Y2FhZGI0YmI3NjM1ZTFmMDIwNmQ5NGM2YzE5OTI5MmM=,4040,40400084,40400084,40400084;
4040,40400001,Y2FhZGI0YmI3NjM1ZTFmMDIwNmQ5NGM2YzE5OTI5MmM=,4040,40400085,40400085,40400085;
4040,40400001,Y2FhZGI0YmI3NjM1ZTFmMDIwNmQ5NGM2YzE5OTI5MmM=,4040,40400086,40400086,40400086;
4040,40400001,Y2FhZGI0YmI3NjM1ZTFmMDIwNmQ5NGM2YzE5OTI5MmM=,4040,40400087,40400087,40400087;
4040,40400001,Y2FhZGI0YmI3NjM1ZTFmMDIwNmQ5NGM2YzE5OTI5MmM=,4040,40400088,40400088,40400088;
4040,40400001,Y2FhZGI0YmI3NjM1ZTFmMDIwNmQ5NGM2YzE5OTI5MmM=,4040,40400089,40400089,40400089;
4040,40400001,Y2FhZGI0YmI3NjM1ZTFmMDIwNmQ5NGM2YzE5OTI5MmM=,4040,40400090,40400090,40400090;
4040,40400001,Y2FhZGI0YmI3NjM1ZTFmMDIwNmQ5NGM2YzE5OTI5MmM=,4040,40400091,40400091,40400091;
4040,40400001,Y2FhZGI0YmI3NjM1ZTFmMDIwNmQ5NGM2YzE5OTI5MmM=,4040,40400092,40400092,40400092;
4040,40400001,Y2FhZGI0YmI3NjM1ZTFmMDIwNmQ5NGM2YzE5OTI5MmM=,4040,40400093,40400093,40400093;
4040,40400001,Y2FhZGI0YmI3NjM1ZTFmMDIwNmQ5NGM2YzE5OTI5MmM=,4040,40400094,40400094,40400094;
4040,40400001,Y2FhZGI0YmI3NjM1ZTFmMDIwNmQ5NGM2YzE5OTI5MmM=,4040,40400095,40400095,40400095;
4040,40400001,Y2FhZGI0YmI3NjM1ZTFmMDIwNmQ5NGM2YzE5OTI5MmM=,4040,40400096,40400096,40400096;
4040,40400001,Y2FhZGI0YmI3NjM1ZTFmMDIwNmQ5NGM2YzE5OTI5MmM=,4040,40400097,40400097,40400097;
4040,40400001,Y2FhZGI0YmI3NjM1ZTFmMDIwNmQ5NGM2YzE5OTI5MmM=,4040,40400098,40400098,40400098;
4040,40400001,Y2FhZGI0YmI3NjM1ZTFmMDIwNmQ5NGM2YzE5OTI5MmM=,4040,40400099,40400099,40400099;
4040,40400001,Y2FhZGI0YmI3NjM1ZTFmMDIwNmQ5NGM2YzE5OTI5MmM=,4040,40400100,40400100,40400100;
4646,46460001,NDc5OTc3ZDA5OWI4ZWFhOTlkZWZiZDU5ZmM4MmFlZGM=,4646,46460001,46460001,46460001;
4646,46460001,NDc5OTc3ZDA5OWI4ZWFhOTlkZWZiZDU5ZmM4MmFlZGM=,4646,46460002,46460002,46460002;
4646,46460001,NDc5OTc3ZDA5OWI4ZWFhOTlkZWZiZDU5ZmM4MmFlZGM=,4646,46460003,46460003,46460003;
4646,46460001,NDc5OTc3ZDA5OWI4ZWFhOTlkZWZiZDU5ZmM4MmFlZGM=,4646,46460004,46460004,46460004;
4646,46460001,NDc5OTc3ZDA5OWI4ZWFhOTlkZWZiZDU5ZmM4MmFlZGM=,4646,46460005,46460005,46460005;
4646,46460001,NDc5OTc3ZDA5OWI4ZWFhOTlkZWZiZDU5ZmM4MmFlZGM=,4646,46460006,46460006,46460006;
4646,46460001,NDc5OTc3ZDA5OWI4ZWFhOTlkZWZiZDU5ZmM4MmFlZGM=,4646,46460007,46460007,46460007;
4646,46460001,NDc5OTc3ZDA5OWI4ZWFhOTlkZWZiZDU5ZmM4MmFlZGM=,4646,46460008,46460008,46460008;
4646,46460001,NDc5OTc3ZDA5OWI4ZWFhOTlkZWZiZDU5ZmM4MmFlZGM=,4646,46460009,46460009,46460009;
4646,46460001,NDc5OTc3ZDA5OWI4ZWFhOTlkZWZiZDU5ZmM4MmFlZGM=,4646,46460010,46460010,46460010;
4646,46460001,NDc5OTc3ZDA5OWI4ZWFhOTlkZWZiZDU5ZmM4MmFlZGM=,4646,46460011,46460011,46460011;
4646,46460001,NDc5OTc3ZDA5OWI4ZWFhOTlkZWZiZDU5ZmM4MmFlZGM=,4646,46460012,46460012,46460012;
4646,46460001,NDc5OTc3ZDA5OWI4ZWFhOTlkZWZiZDU5ZmM4MmFlZGM=,4646,46460013,46460013,46460013;
4646,46460001,NDc5OTc3ZDA5OWI4ZWFhOTlkZWZiZDU5ZmM4MmFlZGM=,4646,46460014,46460014,46460014;
4646,46460001,NDc5OTc3ZDA5OWI4ZWFhOTlkZWZiZDU5ZmM4MmFlZGM=,4646,46460015,46460015,46460015;
4646,46460001,NDc5OTc3ZDA5OWI4ZWFhOTlkZWZiZDU5ZmM4MmFlZGM=,4646,46460016,46460016,46460016;
4646,46460001,NDc5OTc3ZDA5OWI4ZWFhOTlkZWZiZDU5ZmM4MmFlZGM=,4646,46460017,46460017,46460017;
4646,46460001,NDc5OTc3ZDA5OWI4ZWFhOTlkZWZiZDU5ZmM4MmFlZGM=,4646,46460018,46460018,46460018;
4646,46460001,NDc5OTc3ZDA5OWI4ZWFhOTlkZWZiZDU5ZmM4MmFlZGM=,4646,46460019,46460019,46460019;
4646,46460001,NDc5OTc3ZDA5OWI4ZWFhOTlkZWZiZDU5ZmM4MmFlZGM=,4646,46460020,46460020,46460020;
4646,46460001,NDc5OTc3ZDA5OWI4ZWFhOTlkZWZiZDU5ZmM4MmFlZGM=,4646,46460021,46460021,46460021;
4646,46460001,NDc5OTc3ZDA5OWI4ZWFhOTlkZWZiZDU5ZmM4MmFlZGM=,4646,46460022,46460022,46460022;
4646,46460001,NDc5OTc3ZDA5OWI4ZWFhOTlkZWZiZDU5ZmM4MmFlZGM=,4646,46460023,46460023,46460023;
4646,46460001,NDc5OTc3ZDA5OWI4ZWFhOTlkZWZiZDU5ZmM4MmFlZGM=,4646,46460024,46460024,46460024;
4646,46460001,NDc5OTc3ZDA5OWI4ZWFhOTlkZWZiZDU5ZmM4MmFlZGM=,4646,46460025,46460025,46460025;
4646,46460001,NDc5OTc3ZDA5OWI4ZWFhOTlkZWZiZDU5ZmM4MmFlZGM=,4646,46460026,46460026,46460026;
4646,46460001,NDc5OTc3ZDA5OWI4ZWFhOTlkZWZiZDU5ZmM4MmFlZGM=,4646,46460027,46460027,46460027;
4646,46460001,NDc5OTc3ZDA5OWI4ZWFhOTlkZWZiZDU5ZmM4MmFlZGM=,4646,46460028,46460028,46460028;
4646,46460001,NDc5OTc3ZDA5OWI4ZWFhOTlkZWZiZDU5ZmM4MmFlZGM=,4646,46460029,46460029,46460029;
4646,46460001,NDc5OTc3ZDA5OWI4ZWFhOTlkZWZiZDU5ZmM4MmFlZGM=,4646,46460030,46460030,46460030;
4646,46460001,NDc5OTc3ZDA5OWI4ZWFhOTlkZWZiZDU5ZmM4MmFlZGM=,4646,46460031,46460031,46460031;
4646,46460001,NDc5OTc3ZDA5OWI4ZWFhOTlkZWZiZDU5ZmM4MmFlZGM=,4646,46460032,46460032,46460032;
4646,46460001,NDc5OTc3ZDA5OWI4ZWFhOTlkZWZiZDU5ZmM4MmFlZGM=,4646,46460033,46460033,46460033;
4646,46460001,NDc5OTc3ZDA5OWI4ZWFhOTlkZWZiZDU5ZmM4MmFlZGM=,4646,46460034,46460034,46460034;
4646,46460001,NDc5OTc3ZDA5OWI4ZWFhOTlkZWZiZDU5ZmM4MmFlZGM=,4646,46460035,46460035,46460035;
4646,46460001,NDc5OTc3ZDA5OWI4ZWFhOTlkZWZiZDU5ZmM4MmFlZGM=,4646,46460036,46460036,46460036;
4646,46460001,NDc5OTc3ZDA5OWI4ZWFhOTlkZWZiZDU5ZmM4MmFlZGM=,4646,46460037,46460037,46460037;
4646,46460001,NDc5OTc3ZDA5OWI4ZWFhOTlkZWZiZDU5ZmM4MmFlZGM=,4646,46460038,46460038,46460038;
4646,46460001,NDc5OTc3ZDA5OWI4ZWFhOTlkZWZiZDU5ZmM4MmFlZGM=,4646,46460039,46460039,46460039;
4646,46460001,NDc5OTc3ZDA5OWI4ZWFhOTlkZWZiZDU5ZmM4MmFlZGM=,4646,46460040,46460040,46460040;
4646,46460001,NDc5OTc3ZDA5OWI4ZWFhOTlkZWZiZDU5ZmM4MmFlZGM=,4646,46460041,46460041,46460041;
4646,46460001,NDc5OTc3ZDA5OWI4ZWFhOTlkZWZiZDU5ZmM4MmFlZGM=,4646,46460042,46460042,46460042;
4646,46460001,NDc5OTc3ZDA5OWI4ZWFhOTlkZWZiZDU5ZmM4MmFlZGM=,4646,46460043,46460043,46460043;
4646,46460001,NDc5OTc3ZDA5OWI4ZWFhOTlkZWZiZDU5ZmM4MmFlZGM=,4646,46460044,46460044,46460044;
4646,46460001,NDc5OTc3ZDA5OWI4ZWFhOTlkZWZiZDU5ZmM4MmFlZGM=,4646,46460045,46460045,46460045;
4646,46460001,NDc5OTc3ZDA5OWI4ZWFhOTlkZWZiZDU5ZmM4MmFlZGM=,4646,46460046,46460046,46460046;
4646,46460001,NDc5OTc3ZDA5OWI4ZWFhOTlkZWZiZDU5ZmM4MmFlZGM=,4646,46460047,46460047,46460047;
4646,46460001,NDc5OTc3ZDA5OWI4ZWFhOTlkZWZiZDU5ZmM4MmFlZGM=,4646,46460048,46460048,46460048;
4646,46460001,NDc5OTc3ZDA5OWI4ZWFhOTlkZWZiZDU5ZmM4MmFlZGM=,4646,46460049,46460049,46460049;
4646,46460001,NDc5OTc3ZDA5OWI4ZWFhOTlkZWZiZDU5ZmM4MmFlZGM=,4646,46460050,46460050,46460050;
4646,46460001,NDc5OTc3ZDA5OWI4ZWFhOTlkZWZiZDU5ZmM4MmFlZGM=,4646,46460051,46460051,46460051;
4646,46460001,NDc5OTc3ZDA5OWI4ZWFhOTlkZWZiZDU5ZmM4MmFlZGM=,4646,46460052,46460052,46460052;
4646,46460001,NDc5OTc3ZDA5OWI4ZWFhOTlkZWZiZDU5ZmM4MmFlZGM=,4646,46460053,46460053,46460053;
4646,46460001,NDc5OTc3ZDA5OWI4ZWFhOTlkZWZiZDU5ZmM4MmFlZGM=,4646,46460054,46460054,46460054;
4646,46460001,NDc5OTc3ZDA5OWI4ZWFhOTlkZWZiZDU5ZmM4MmFlZGM=,4646,46460055,46460055,46460055;
4646,46460001,NDc5OTc3ZDA5OWI4ZWFhOTlkZWZiZDU5ZmM4MmFlZGM=,4646,46460056,46460056,46460056;
4646,46460001,NDc5OTc3ZDA5OWI4ZWFhOTlkZWZiZDU5ZmM4MmFlZGM=,4646,46460057,46460057,46460057;
4646,46460001,NDc5OTc3ZDA5OWI4ZWFhOTlkZWZiZDU5ZmM4MmFlZGM=,4646,46460058,46460058,46460058;
4646,46460001,NDc5OTc3ZDA5OWI4ZWFhOTlkZWZiZDU5ZmM4MmFlZGM=,4646,46460059,46460059,46460059;
4646,46460001,NDc5OTc3ZDA5OWI4ZWFhOTlkZWZiZDU5ZmM4MmFlZGM=,4646,46460060,46460060,46460060;
4646,46460001,NDc5OTc3ZDA5OWI4ZWFhOTlkZWZiZDU5ZmM4MmFlZGM=,4646,46460061,46460061,46460061;
4646,46460001,NDc5OTc3ZDA5OWI4ZWFhOTlkZWZiZDU5ZmM4MmFlZGM=,4646,46460062,46460062,46460062;
4646,46460001,NDc5OTc3ZDA5OWI4ZWFhOTlkZWZiZDU5ZmM4MmFlZGM=,4646,46460063,46460063,46460063;
4646,46460001,NDc5OTc3ZDA5OWI4ZWFhOTlkZWZiZDU5ZmM4MmFlZGM=,4646,46460064,46460064,46460064;
4646,46460001,NDc5OTc3ZDA5OWI4ZWFhOTlkZWZiZDU5ZmM4MmFlZGM=,4646,46460065,46460065,46460065;
4646,46460001,NDc5OTc3ZDA5OWI4ZWFhOTlkZWZiZDU5ZmM4MmFlZGM=,4646,46460066,46460066,46460066;
4646,46460001,NDc5OTc3ZDA5OWI4ZWFhOTlkZWZiZDU5ZmM4MmFlZGM=,4646,46460067,46460067,46460067;
4646,46460001,NDc5OTc3ZDA5OWI4ZWFhOTlkZWZiZDU5ZmM4MmFlZGM=,4646,46460068,46460068,46460068;
4646,46460001,NDc5OTc3ZDA5OWI4ZWFhOTlkZWZiZDU5ZmM4MmFlZGM=,4646,46460069,46460069,46460069;
4646,46460001,NDc5OTc3ZDA5OWI4ZWFhOTlkZWZiZDU5ZmM4MmFlZGM=,4646,46460070,46460070,46460070;
4646,46460001,NDc5OTc3ZDA5OWI4ZWFhOTlkZWZiZDU5ZmM4MmFlZGM=,4646,46460071,46460071,46460071;
4646,46460001,NDc5OTc3ZDA5OWI4ZWFhOTlkZWZiZDU5ZmM4MmFlZGM=,4646,46460072,46460072,46460072;
4646,46460001,NDc5OTc3ZDA5OWI4ZWFhOTlkZWZiZDU5ZmM4MmFlZGM=,4646,46460073,46460073,46460073;
4646,46460001,NDc5OTc3ZDA5OWI4ZWFhOTlkZWZiZDU5ZmM4MmFlZGM=,4646,46460074,46460074,46460074;
4646,46460001,NDc5OTc3ZDA5OWI4ZWFhOTlkZWZiZDU5ZmM4MmFlZGM=,4646,46460075,46460075,46460075;
4646,46460001,NDc5OTc3ZDA5OWI4ZWFhOTlkZWZiZDU5ZmM4MmFlZGM=,4646,46460076,46460076,46460076;
4646,46460001,NDc5OTc3ZDA5OWI4ZWFhOTlkZWZiZDU5ZmM4MmFlZGM=,4646,46460077,46460077,46460077;
4646,46460001,NDc5OTc3ZDA5OWI4ZWFhOTlkZWZiZDU5ZmM4MmFlZGM=,4646,46460078,46460078,46460078;
4646,46460001,NDc5OTc3ZDA5OWI4ZWFhOTlkZWZiZDU5ZmM4MmFlZGM=,4646,46460079,46460079,46460079;
4646,46460001,NDc5OTc3ZDA5OWI4ZWFhOTlkZWZiZDU5ZmM4MmFlZGM=,4646,46460080,46460080,46460080;
4646,46460001,NDc5OTc3ZDA5OWI4ZWFhOTlkZWZiZDU5ZmM4MmFlZGM=,4646,46460081,46460081,46460081;
4646,46460001,NDc5OTc3ZDA5OWI4ZWFhOTlkZWZiZDU5ZmM4MmFlZGM=,4646,46460082,46460082,46460082;
4646,46460001,NDc5OTc3ZDA5OWI4ZWFhOTlkZWZiZDU5ZmM4MmFlZGM=,4646,46460083,46460083,46460083;
4646,46460001,NDc5OTc3ZDA5OWI4ZWFhOTlkZWZiZDU5ZmM4MmFlZGM=,4646,46460084,46460084,46460084;
4646,46460001,NDc5OTc3ZDA5OWI4ZWFhOTlkZWZiZDU5ZmM4MmFlZGM=,4646,46460085,46460085,46460085;
4646,46460001,NDc5OTc3ZDA5OWI4ZWFhOTlkZWZiZDU5ZmM4MmFlZGM=,4646,46460086,46460086,46460086;
4646,46460001,NDc5OTc3ZDA5OWI4ZWFhOTlkZWZiZDU5ZmM4MmFlZGM=,4646,46460087,46460087,46460087;
4646,46460001,NDc5OTc3ZDA5OWI4ZWFhOTlkZWZiZDU5ZmM4MmFlZGM=,4646,46460088,46460088,46460088;
4646,46460001,NDc5OTc3ZDA5OWI4ZWFhOTlkZWZiZDU5ZmM4MmFlZGM=,4646,46460089,46460089,46460089;
4646,46460001,NDc5OTc3ZDA5OWI4ZWFhOTlkZWZiZDU5ZmM4MmFlZGM=,4646,46460090,46460090,46460090;
4646,46460001,NDc5OTc3ZDA5OWI4ZWFhOTlkZWZiZDU5ZmM4MmFlZGM=,4646,46460091,46460091,46460091;
4646,46460001,NDc5OTc3ZDA5OWI4ZWFhOTlkZWZiZDU5ZmM4MmFlZGM=,4646,46460092,46460092,46460092;
4646,46460001,NDc5OTc3ZDA5OWI4ZWFhOTlkZWZiZDU5ZmM4MmFlZGM=,4646,46460093,46460093,46460093;
4646,46460001,NDc5OTc3ZDA5OWI4ZWFhOTlkZWZiZDU5ZmM4MmFlZGM=,4646,46460094,46460094,46460094;
4646,46460001,NDc5OTc3ZDA5OWI4ZWFhOTlkZWZiZDU5ZmM4MmFlZGM=,4646,46460095,46460095,46460095;
4646,46460001,NDc5OTc3ZDA5OWI4ZWFhOTlkZWZiZDU5ZmM4MmFlZGM=,4646,46460096,46460096,46460096;
4646,46460001,NDc5OTc3ZDA5OWI4ZWFhOTlkZWZiZDU5ZmM4MmFlZGM=,4646,46460097,46460097,46460097;
4646,46460001,NDc5OTc3ZDA5OWI4ZWFhOTlkZWZiZDU5ZmM4MmFlZGM=,4646,46460098,46460098,46460098;
4646,46460001,NDc5OTc3ZDA5OWI4ZWFhOTlkZWZiZDU5ZmM4MmFlZGM=,4646,46460099,46460099,46460099;
4646,46460001,NDc5OTc3ZDA5OWI4ZWFhOTlkZWZiZDU5ZmM4MmFlZGM=,4646,46460100,46460100,46460100;
4747,47470001,NWEwOWI0ZTE3M2U4NjJjOTE5YTUxMGU4Y2RmYjYwZjU=,4747,47470001,47470001,47470001;
4747,47470001,NWEwOWI0ZTE3M2U4NjJjOTE5YTUxMGU4Y2RmYjYwZjU=,4747,47470002,47470002,47470002;
4747,47470001,NWEwOWI0ZTE3M2U4NjJjOTE5YTUxMGU4Y2RmYjYwZjU=,4747,47470003,47470003,47470003;
4747,47470001,NWEwOWI0ZTE3M2U4NjJjOTE5YTUxMGU4Y2RmYjYwZjU=,4747,47470004,47470004,47470004;
4747,47470001,NWEwOWI0ZTE3M2U4NjJjOTE5YTUxMGU4Y2RmYjYwZjU=,4747,47470005,47470005,47470005;
4747,47470001,NWEwOWI0ZTE3M2U4NjJjOTE5YTUxMGU4Y2RmYjYwZjU=,4747,47470006,47470006,47470006;
4747,47470001,NWEwOWI0ZTE3M2U4NjJjOTE5YTUxMGU4Y2RmYjYwZjU=,4747,47470007,47470007,47470007;
4747,47470001,NWEwOWI0ZTE3M2U4NjJjOTE5YTUxMGU4Y2RmYjYwZjU=,4747,47470008,47470008,47470008;
4747,47470001,NWEwOWI0ZTE3M2U4NjJjOTE5YTUxMGU4Y2RmYjYwZjU=,4747,47470009,47470009,47470009;
4747,47470001,NWEwOWI0ZTE3M2U4NjJjOTE5YTUxMGU4Y2RmYjYwZjU=,4747,47470010,47470010,47470010;
4747,47470001,NWEwOWI0ZTE3M2U4NjJjOTE5YTUxMGU4Y2RmYjYwZjU=,4747,47470011,47470011,47470011;
4747,47470001,NWEwOWI0ZTE3M2U4NjJjOTE5YTUxMGU4Y2RmYjYwZjU=,4747,47470012,47470012,47470012;
4747,47470001,NWEwOWI0ZTE3M2U4NjJjOTE5YTUxMGU4Y2RmYjYwZjU=,4747,47470013,47470013,47470013;
4747,47470001,NWEwOWI0ZTE3M2U4NjJjOTE5YTUxMGU4Y2RmYjYwZjU=,4747,47470014,47470014,47470014;
4747,47470001,NWEwOWI0ZTE3M2U4NjJjOTE5YTUxMGU4Y2RmYjYwZjU=,4747,47470015,47470015,47470015;
4747,47470001,NWEwOWI0ZTE3M2U4NjJjOTE5YTUxMGU4Y2RmYjYwZjU=,4747,47470016,47470016,47470016;
4747,47470001,NWEwOWI0ZTE3M2U4NjJjOTE5YTUxMGU4Y2RmYjYwZjU=,4747,47470017,47470017,47470017;
4747,47470001,NWEwOWI0ZTE3M2U4NjJjOTE5YTUxMGU4Y2RmYjYwZjU=,4747,47470018,47470018,47470018;
4747,47470001,NWEwOWI0ZTE3M2U4NjJjOTE5YTUxMGU4Y2RmYjYwZjU=,4747,47470019,47470019,47470019;
4747,47470001,NWEwOWI0ZTE3M2U4NjJjOTE5YTUxMGU4Y2RmYjYwZjU=,4747,47470020,47470020,47470020;
4747,47470001,NWEwOWI0ZTE3M2U4NjJjOTE5YTUxMGU4Y2RmYjYwZjU=,4747,47470021,47470021,47470021;
4747,47470001,NWEwOWI0ZTE3M2U4NjJjOTE5YTUxMGU4Y2RmYjYwZjU=,4747,47470022,47470022,47470022;
4747,47470001,NWEwOWI0ZTE3M2U4NjJjOTE5YTUxMGU4Y2RmYjYwZjU=,4747,47470023,47470023,47470023;
4747,47470001,NWEwOWI0ZTE3M2U4NjJjOTE5YTUxMGU4Y2RmYjYwZjU=,4747,47470024,47470024,47470024;
4747,47470001,NWEwOWI0ZTE3M2U4NjJjOTE5YTUxMGU4Y2RmYjYwZjU=,4747,47470025,47470025,47470025;
4747,47470001,NWEwOWI0ZTE3M2U4NjJjOTE5YTUxMGU4Y2RmYjYwZjU=,4747,47470026,47470026,47470026;
4747,47470001,NWEwOWI0ZTE3M2U4NjJjOTE5YTUxMGU4Y2RmYjYwZjU=,4747,47470027,47470027,47470027;
4747,47470001,NWEwOWI0ZTE3M2U4NjJjOTE5YTUxMGU4Y2RmYjYwZjU=,4747,47470028,47470028,47470028;
4747,47470001,NWEwOWI0ZTE3M2U4NjJjOTE5YTUxMGU4Y2RmYjYwZjU=,4747,47470029,47470029,47470029;
4747,47470001,NWEwOWI0ZTE3M2U4NjJjOTE5YTUxMGU4Y2RmYjYwZjU=,4747,47470030,47470030,47470030;
4747,47470001,NWEwOWI0ZTE3M2U4NjJjOTE5YTUxMGU4Y2RmYjYwZjU=,4747,47470031,47470031,47470031;
4747,47470001,NWEwOWI0ZTE3M2U4NjJjOTE5YTUxMGU4Y2RmYjYwZjU=,4747,47470032,47470032,47470032;
4747,47470001,NWEwOWI0ZTE3M2U4NjJjOTE5YTUxMGU4Y2RmYjYwZjU=,4747,47470033,47470033,47470033;
4747,47470001,NWEwOWI0ZTE3M2U4NjJjOTE5YTUxMGU4Y2RmYjYwZjU=,4747,47470034,47470034,47470034;
4747,47470001,NWEwOWI0ZTE3M2U4NjJjOTE5YTUxMGU4Y2RmYjYwZjU=,4747,47470035,47470035,47470035;
4747,47470001,NWEwOWI0ZTE3M2U4NjJjOTE5YTUxMGU4Y2RmYjYwZjU=,4747,47470036,47470036,47470036;
4747,47470001,NWEwOWI0ZTE3M2U4NjJjOTE5YTUxMGU4Y2RmYjYwZjU=,4747,47470037,47470037,47470037;
4747,47470001,NWEwOWI0ZTE3M2U4NjJjOTE5YTUxMGU4Y2RmYjYwZjU=,4747,47470038,47470038,47470038;
4747,47470001,NWEwOWI0ZTE3M2U4NjJjOTE5YTUxMGU4Y2RmYjYwZjU=,4747,47470039,47470039,47470039;
4747,47470001,NWEwOWI0ZTE3M2U4NjJjOTE5YTUxMGU4Y2RmYjYwZjU=,4747,47470040,47470040,47470040;
4747,47470001,NWEwOWI0ZTE3M2U4NjJjOTE5YTUxMGU4Y2RmYjYwZjU=,4747,47470041,47470041,47470041;
4747,47470001,NWEwOWI0ZTE3M2U4NjJjOTE5YTUxMGU4Y2RmYjYwZjU=,4747,47470042,47470042,47470042;
4747,47470001,NWEwOWI0ZTE3M2U4NjJjOTE5YTUxMGU4Y2RmYjYwZjU=,4747,47470043,47470043,47470043;
4747,47470001,NWEwOWI0ZTE3M2U4NjJjOTE5YTUxMGU4Y2RmYjYwZjU=,4747,47470044,47470044,47470044;
4747,47470001,NWEwOWI0ZTE3M2U4NjJjOTE5YTUxMGU4Y2RmYjYwZjU=,4747,47470045,47470045,47470045;
4747,47470001,NWEwOWI0ZTE3M2U4NjJjOTE5YTUxMGU4Y2RmYjYwZjU=,4747,47470046,47470046,47470046;
4747,47470001,NWEwOWI0ZTE3M2U4NjJjOTE5YTUxMGU4Y2RmYjYwZjU=,4747,47470047,47470047,47470047;
4747,47470001,NWEwOWI0ZTE3M2U4NjJjOTE5YTUxMGU4Y2RmYjYwZjU=,4747,47470048,47470048,47470048;
4747,47470001,NWEwOWI0ZTE3M2U4NjJjOTE5YTUxMGU4Y2RmYjYwZjU=,4747,47470049,47470049,47470049;
4747,47470001,NWEwOWI0ZTE3M2U4NjJjOTE5YTUxMGU4Y2RmYjYwZjU=,4747,47470050,47470050,47470050;
4747,47470001,NWEwOWI0ZTE3M2U4NjJjOTE5YTUxMGU4Y2RmYjYwZjU=,4747,47470051,47470051,47470051;
4747,47470001,NWEwOWI0ZTE3M2U4NjJjOTE5YTUxMGU4Y2RmYjYwZjU=,4747,47470052,47470052,47470052;
4747,47470001,NWEwOWI0ZTE3M2U4NjJjOTE5YTUxMGU4Y2RmYjYwZjU=,4747,47470053,47470053,47470053;
4747,47470001,NWEwOWI0ZTE3M2U4NjJjOTE5YTUxMGU4Y2RmYjYwZjU=,4747,47470054,47470054,47470054;
4747,47470001,NWEwOWI0ZTE3M2U4NjJjOTE5YTUxMGU4Y2RmYjYwZjU=,4747,47470055,47470055,47470055;
4747,47470001,NWEwOWI0ZTE3M2U4NjJjOTE5YTUxMGU4Y2RmYjYwZjU=,4747,47470056,47470056,47470056;
4747,47470001,NWEwOWI0ZTE3M2U4NjJjOTE5YTUxMGU4Y2RmYjYwZjU=,4747,47470057,47470057,47470057;
4747,47470001,NWEwOWI0ZTE3M2U4NjJjOTE5YTUxMGU4Y2RmYjYwZjU=,4747,47470058,47470058,47470058;
4747,47470001,NWEwOWI0ZTE3M2U4NjJjOTE5YTUxMGU4Y2RmYjYwZjU=,4747,47470059,47470059,47470059;
4747,47470001,NWEwOWI0ZTE3M2U4NjJjOTE5YTUxMGU4Y2RmYjYwZjU=,4747,47470060,47470060,47470060;
4747,47470001,NWEwOWI0ZTE3M2U4NjJjOTE5YTUxMGU4Y2RmYjYwZjU=,4747,47470061,47470061,47470061;
4747,47470001,NWEwOWI0ZTE3M2U4NjJjOTE5YTUxMGU4Y2RmYjYwZjU=,4747,47470062,47470062,47470062;
4747,47470001,NWEwOWI0ZTE3M2U4NjJjOTE5YTUxMGU4Y2RmYjYwZjU=,4747,47470063,47470063,47470063;
4747,47470001,NWEwOWI0ZTE3M2U4NjJjOTE5YTUxMGU4Y2RmYjYwZjU=,4747,47470064,47470064,47470064;
4747,47470001,NWEwOWI0ZTE3M2U4NjJjOTE5YTUxMGU4Y2RmYjYwZjU=,4747,47470065,47470065,47470065;
4747,47470001,NWEwOWI0ZTE3M2U4NjJjOTE5YTUxMGU4Y2RmYjYwZjU=,4747,47470066,47470066,47470066;
4747,47470001,NWEwOWI0ZTE3M2U4NjJjOTE5YTUxMGU4Y2RmYjYwZjU=,4747,47470067,47470067,47470067;
4747,47470001,NWEwOWI0ZTE3M2U4NjJjOTE5YTUxMGU4Y2RmYjYwZjU=,4747,47470068,47470068,47470068;
4747,47470001,NWEwOWI0ZTE3M2U4NjJjOTE5YTUxMGU4Y2RmYjYwZjU=,4747,47470069,47470069,47470069;
4747,47470001,NWEwOWI0ZTE3M2U4NjJjOTE5YTUxMGU4Y2RmYjYwZjU=,4747,47470070,47470070,47470070;
4747,47470001,NWEwOWI0ZTE3M2U4NjJjOTE5YTUxMGU4Y2RmYjYwZjU=,4747,47470071,47470071,47470071;
4747,47470001,NWEwOWI0ZTE3M2U4NjJjOTE5YTUxMGU4Y2RmYjYwZjU=,4747,47470072,47470072,47470072;
4747,47470001,NWEwOWI0ZTE3M2U4NjJjOTE5YTUxMGU4Y2RmYjYwZjU=,4747,47470073,47470073,47470073;
4747,47470001,NWEwOWI0ZTE3M2U4NjJjOTE5YTUxMGU4Y2RmYjYwZjU=,4747,47470074,47470074,47470074;
4747,47470001,NWEwOWI0ZTE3M2U4NjJjOTE5YTUxMGU4Y2RmYjYwZjU=,4747,47470075,47470075,47470075;
4747,47470001,NWEwOWI0ZTE3M2U4NjJjOTE5YTUxMGU4Y2RmYjYwZjU=,4747,47470076,47470076,47470076;
4747,47470001,NWEwOWI0ZTE3M2U4NjJjOTE5YTUxMGU4Y2RmYjYwZjU=,4747,47470077,47470077,47470077;
4747,47470001,NWEwOWI0ZTE3M2U4NjJjOTE5YTUxMGU4Y2RmYjYwZjU=,4747,47470078,47470078,47470078;
4747,47470001,NWEwOWI0ZTE3M2U4NjJjOTE5YTUxMGU4Y2RmYjYwZjU=,4747,47470079,47470079,47470079;
4747,47470001,NWEwOWI0ZTE3M2U4NjJjOTE5YTUxMGU4Y2RmYjYwZjU=,4747,47470080,47470080,47470080;
4747,47470001,NWEwOWI0ZTE3M2U4NjJjOTE5YTUxMGU4Y2RmYjYwZjU=,4747,47470081,47470081,47470081;
4747,47470001,NWEwOWI0ZTE3M2U4NjJjOTE5YTUxMGU4Y2RmYjYwZjU=,4747,47470082,47470082,47470082;
4747,47470001,NWEwOWI0ZTE3M2U4NjJjOTE5YTUxMGU4Y2RmYjYwZjU=,4747,47470083,47470083,47470083;
4747,47470001,NWEwOWI0ZTE3M2U4NjJjOTE5YTUxMGU4Y2RmYjYwZjU=,4747,47470084,47470084,47470084;
4747,47470001,NWEwOWI0ZTE3M2U4NjJjOTE5YTUxMGU4Y2RmYjYwZjU=,4747,47470085,47470085,47470085;
4747,47470001,NWEwOWI0ZTE3M2U4NjJjOTE5YTUxMGU4Y2RmYjYwZjU=,4747,47470086,47470086,47470086;
4747,47470001,NWEwOWI0ZTE3M2U4NjJjOTE5YTUxMGU4Y2RmYjYwZjU=,4747,47470087,47470087,47470087;
4747,47470001,NWEwOWI0ZTE3M2U4NjJjOTE5YTUxMGU4Y2RmYjYwZjU=,4747,47470088,47470088,47470088;
4747,47470001,NWEwOWI0ZTE3M2U4NjJjOTE5YTUxMGU4Y2RmYjYwZjU=,4747,47470089,47470089,47470089;
4747,47470001,NWEwOWI0ZTE3M2U4NjJjOTE5YTUxMGU4Y2RmYjYwZjU=,4747,47470090,47470090,47470090;
4747,47470001,NWEwOWI0ZTE3M2U4NjJjOTE5YTUxMGU4Y2RmYjYwZjU=,4747,47470091,47470091,47470091;
4747,47470001,NWEwOWI0ZTE3M2U4NjJjOTE5YTUxMGU4Y2RmYjYwZjU=,4747,47470092,47470092,47470092;
4747,47470001,NWEwOWI0ZTE3M2U4NjJjOTE5YTUxMGU4Y2RmYjYwZjU=,4747,47470093,47470093,47470093;
4747,47470001,NWEwOWI0ZTE3M2U4NjJjOTE5YTUxMGU4Y2RmYjYwZjU=,4747,47470094,47470094,47470094;
4747,47470001,NWEwOWI0ZTE3M2U4NjJjOTE5YTUxMGU4Y2RmYjYwZjU=,4747,47470095,47470095,47470095;
4747,47470001,NWEwOWI0ZTE3M2U4NjJjOTE5YTUxMGU4Y2RmYjYwZjU=,4747,47470096,47470096,47470096;
4747,47470001,NWEwOWI0ZTE3M2U4NjJjOTE5YTUxMGU4Y2RmYjYwZjU=,4747,47470097,47470097,47470097;
4747,47470001,NWEwOWI0ZTE3M2U4NjJjOTE5YTUxMGU4Y2RmYjYwZjU=,4747,47470098,47470098,47470098;
4747,47470001,NWEwOWI0ZTE3M2U4NjJjOTE5YTUxMGU4Y2RmYjYwZjU=,4747,47470099,47470099,47470099;
4747,47470001,NWEwOWI0ZTE3M2U4NjJjOTE5YTUxMGU4Y2RmYjYwZjU=,4747,47470100,47470100,47470100;
4848,48480001,OTY2NmE3OTBlYzMyYTEyZWJmNzE5MjQ5Mjc4NjVhZmM=,4848,48480001,48480001,48480001;
4848,48480001,OTY2NmE3OTBlYzMyYTEyZWJmNzE5MjQ5Mjc4NjVhZmM=,4848,48480002,48480002,48480002;
4848,48480001,OTY2NmE3OTBlYzMyYTEyZWJmNzE5MjQ5Mjc4NjVhZmM=,4848,48480003,48480003,48480003;
4848,48480001,OTY2NmE3OTBlYzMyYTEyZWJmNzE5MjQ5Mjc4NjVhZmM=,4848,48480004,48480004,48480004;
4848,48480001,OTY2NmE3OTBlYzMyYTEyZWJmNzE5MjQ5Mjc4NjVhZmM=,4848,48480005,48480005,48480005;
4848,48480001,OTY2NmE3OTBlYzMyYTEyZWJmNzE5MjQ5Mjc4NjVhZmM=,4848,48480006,48480006,48480006;
4848,48480001,OTY2NmE3OTBlYzMyYTEyZWJmNzE5MjQ5Mjc4NjVhZmM=,4848,48480007,48480007,48480007;
4848,48480001,OTY2NmE3OTBlYzMyYTEyZWJmNzE5MjQ5Mjc4NjVhZmM=,4848,48480008,48480008,48480008;
4848,48480001,OTY2NmE3OTBlYzMyYTEyZWJmNzE5MjQ5Mjc4NjVhZmM=,4848,48480009,48480009,48480009;
4848,48480001,OTY2NmE3OTBlYzMyYTEyZWJmNzE5MjQ5Mjc4NjVhZmM=,4848,48480010,48480010,48480010;
4848,48480001,OTY2NmE3OTBlYzMyYTEyZWJmNzE5MjQ5Mjc4NjVhZmM=,4848,48480011,48480011,48480011;
4848,48480001,OTY2NmE3OTBlYzMyYTEyZWJmNzE5MjQ5Mjc4NjVhZmM=,4848,48480012,48480012,48480012;
4848,48480001,OTY2NmE3OTBlYzMyYTEyZWJmNzE5MjQ5Mjc4NjVhZmM=,4848,48480013,48480013,48480013;
4848,48480001,OTY2NmE3OTBlYzMyYTEyZWJmNzE5MjQ5Mjc4NjVhZmM=,4848,48480014,48480014,48480014;
4848,48480001,OTY2NmE3OTBlYzMyYTEyZWJmNzE5MjQ5Mjc4NjVhZmM=,4848,48480015,48480015,48480015;
4848,48480001,OTY2NmE3OTBlYzMyYTEyZWJmNzE5MjQ5Mjc4NjVhZmM=,4848,48480016,48480016,48480016;
4848,48480001,OTY2NmE3OTBlYzMyYTEyZWJmNzE5MjQ5Mjc4NjVhZmM=,4848,48480017,48480017,48480017;
4848,48480001,OTY2NmE3OTBlYzMyYTEyZWJmNzE5MjQ5Mjc4NjVhZmM=,4848,48480018,48480018,48480018;
4848,48480001,OTY2NmE3OTBlYzMyYTEyZWJmNzE5MjQ5Mjc4NjVhZmM=,4848,48480019,48480019,48480019;
4848,48480001,OTY2NmE3OTBlYzMyYTEyZWJmNzE5MjQ5Mjc4NjVhZmM=,4848,48480020,48480020,48480020;
4848,48480001,OTY2NmE3OTBlYzMyYTEyZWJmNzE5MjQ5Mjc4NjVhZmM=,4848,48480021,48480021,48480021;
4848,48480001,OTY2NmE3OTBlYzMyYTEyZWJmNzE5MjQ5Mjc4NjVhZmM=,4848,48480022,48480022,48480022;
4848,48480001,OTY2NmE3OTBlYzMyYTEyZWJmNzE5MjQ5Mjc4NjVhZmM=,4848,48480023,48480023,48480023;
4848,48480001,OTY2NmE3OTBlYzMyYTEyZWJmNzE5MjQ5Mjc4NjVhZmM=,4848,48480024,48480024,48480024;
4848,48480001,OTY2NmE3OTBlYzMyYTEyZWJmNzE5MjQ5Mjc4NjVhZmM=,4848,48480025,48480025,48480025;
4848,48480001,OTY2NmE3OTBlYzMyYTEyZWJmNzE5MjQ5Mjc4NjVhZmM=,4848,48480026,48480026,48480026;
4848,48480001,OTY2NmE3OTBlYzMyYTEyZWJmNzE5MjQ5Mjc4NjVhZmM=,4848,48480027,48480027,48480027;
4848,48480001,OTY2NmE3OTBlYzMyYTEyZWJmNzE5MjQ5Mjc4NjVhZmM=,4848,48480028,48480028,48480028;
4848,48480001,OTY2NmE3OTBlYzMyYTEyZWJmNzE5MjQ5Mjc4NjVhZmM=,4848,48480029,48480029,48480029;
4848,48480001,OTY2NmE3OTBlYzMyYTEyZWJmNzE5MjQ5Mjc4NjVhZmM=,4848,48480030,48480030,48480030;
4848,48480001,OTY2NmE3OTBlYzMyYTEyZWJmNzE5MjQ5Mjc4NjVhZmM=,4848,48480031,48480031,48480031;
4848,48480001,OTY2NmE3OTBlYzMyYTEyZWJmNzE5MjQ5Mjc4NjVhZmM=,4848,48480032,48480032,48480032;
4848,48480001,OTY2NmE3OTBlYzMyYTEyZWJmNzE5MjQ5Mjc4NjVhZmM=,4848,48480033,48480033,48480033;
4848,48480001,OTY2NmE3OTBlYzMyYTEyZWJmNzE5MjQ5Mjc4NjVhZmM=,4848,48480034,48480034,48480034;
4848,48480001,OTY2NmE3OTBlYzMyYTEyZWJmNzE5MjQ5Mjc4NjVhZmM=,4848,48480035,48480035,48480035;
4848,48480001,OTY2NmE3OTBlYzMyYTEyZWJmNzE5MjQ5Mjc4NjVhZmM=,4848,48480036,48480036,48480036;
4848,48480001,OTY2NmE3OTBlYzMyYTEyZWJmNzE5MjQ5Mjc4NjVhZmM=,4848,48480037,48480037,48480037;
4848,48480001,OTY2NmE3OTBlYzMyYTEyZWJmNzE5MjQ5Mjc4NjVhZmM=,4848,48480038,48480038,48480038;
4848,48480001,OTY2NmE3OTBlYzMyYTEyZWJmNzE5MjQ5Mjc4NjVhZmM=,4848,48480039,48480039,48480039;
4848,48480001,OTY2NmE3OTBlYzMyYTEyZWJmNzE5MjQ5Mjc4NjVhZmM=,4848,48480040,48480040,48480040;
4848,48480001,OTY2NmE3OTBlYzMyYTEyZWJmNzE5MjQ5Mjc4NjVhZmM=,4848,48480041,48480041,48480041;
4848,48480001,OTY2NmE3OTBlYzMyYTEyZWJmNzE5MjQ5Mjc4NjVhZmM=,4848,48480042,48480042,48480042;
4848,48480001,OTY2NmE3OTBlYzMyYTEyZWJmNzE5MjQ5Mjc4NjVhZmM=,4848,48480043,48480043,48480043;
4848,48480001,OTY2NmE3OTBlYzMyYTEyZWJmNzE5MjQ5Mjc4NjVhZmM=,4848,48480044,48480044,48480044;
4848,48480001,OTY2NmE3OTBlYzMyYTEyZWJmNzE5MjQ5Mjc4NjVhZmM=,4848,48480045,48480045,48480045;
4848,48480001,OTY2NmE3OTBlYzMyYTEyZWJmNzE5MjQ5Mjc4NjVhZmM=,4848,48480046,48480046,48480046;
4848,48480001,OTY2NmE3OTBlYzMyYTEyZWJmNzE5MjQ5Mjc4NjVhZmM=,4848,48480047,48480047,48480047;
4848,48480001,OTY2NmE3OTBlYzMyYTEyZWJmNzE5MjQ5Mjc4NjVhZmM=,4848,48480048,48480048,48480048;
4848,48480001,OTY2NmE3OTBlYzMyYTEyZWJmNzE5MjQ5Mjc4NjVhZmM=,4848,48480049,48480049,48480049;
4848,48480001,OTY2NmE3OTBlYzMyYTEyZWJmNzE5MjQ5Mjc4NjVhZmM=,4848,48480050,48480050,48480050;
4848,48480001,OTY2NmE3OTBlYzMyYTEyZWJmNzE5MjQ5Mjc4NjVhZmM=,4848,48480051,48480051,48480051;
4848,48480001,OTY2NmE3OTBlYzMyYTEyZWJmNzE5MjQ5Mjc4NjVhZmM=,4848,48480052,48480052,48480052;
4848,48480001,OTY2NmE3OTBlYzMyYTEyZWJmNzE5MjQ5Mjc4NjVhZmM=,4848,48480053,48480053,48480053;
4848,48480001,OTY2NmE3OTBlYzMyYTEyZWJmNzE5MjQ5Mjc4NjVhZmM=,4848,48480054,48480054,48480054;
4848,48480001,OTY2NmE3OTBlYzMyYTEyZWJmNzE5MjQ5Mjc4NjVhZmM=,4848,48480055,48480055,48480055;
4848,48480001,OTY2NmE3OTBlYzMyYTEyZWJmNzE5MjQ5Mjc4NjVhZmM=,4848,48480056,48480056,48480056;
4848,48480001,OTY2NmE3OTBlYzMyYTEyZWJmNzE5MjQ5Mjc4NjVhZmM=,4848,48480057,48480057,48480057;
4848,48480001,OTY2NmE3OTBlYzMyYTEyZWJmNzE5MjQ5Mjc4NjVhZmM=,4848,48480058,48480058,48480058;
4848,48480001,OTY2NmE3OTBlYzMyYTEyZWJmNzE5MjQ5Mjc4NjVhZmM=,4848,48480059,48480059,48480059;
4848,48480001,OTY2NmE3OTBlYzMyYTEyZWJmNzE5MjQ5Mjc4NjVhZmM=,4848,48480060,48480060,48480060;
4848,48480001,OTY2NmE3OTBlYzMyYTEyZWJmNzE5MjQ5Mjc4NjVhZmM=,4848,48480061,48480061,48480061;
4848,48480001,OTY2NmE3OTBlYzMyYTEyZWJmNzE5MjQ5Mjc4NjVhZmM=,4848,48480062,48480062,48480062;
4848,48480001,OTY2NmE3OTBlYzMyYTEyZWJmNzE5MjQ5Mjc4NjVhZmM=,4848,48480063,48480063,48480063;
4848,48480001,OTY2NmE3OTBlYzMyYTEyZWJmNzE5MjQ5Mjc4NjVhZmM=,4848,48480064,48480064,48480064;
4848,48480001,OTY2NmE3OTBlYzMyYTEyZWJmNzE5MjQ5Mjc4NjVhZmM=,4848,48480065,48480065,48480065;
4848,48480001,OTY2NmE3OTBlYzMyYTEyZWJmNzE5MjQ5Mjc4NjVhZmM=,4848,48480066,48480066,48480066;
4848,48480001,OTY2NmE3OTBlYzMyYTEyZWJmNzE5MjQ5Mjc4NjVhZmM=,4848,48480067,48480067,48480067;
4848,48480001,OTY2NmE3OTBlYzMyYTEyZWJmNzE5MjQ5Mjc4NjVhZmM=,4848,48480068,48480068,48480068;
4848,48480001,OTY2NmE3OTBlYzMyYTEyZWJmNzE5MjQ5Mjc4NjVhZmM=,4848,48480069,48480069,48480069;
4848,48480001,OTY2NmE3OTBlYzMyYTEyZWJmNzE5MjQ5Mjc4NjVhZmM=,4848,48480070,48480070,48480070;
4848,48480001,OTY2NmE3OTBlYzMyYTEyZWJmNzE5MjQ5Mjc4NjVhZmM=,4848,48480071,48480071,48480071;
4848,48480001,OTY2NmE3OTBlYzMyYTEyZWJmNzE5MjQ5Mjc4NjVhZmM=,4848,48480072,48480072,48480072;
4848,48480001,OTY2NmE3OTBlYzMyYTEyZWJmNzE5MjQ5Mjc4NjVhZmM=,4848,48480073,48480073,48480073;
4848,48480001,OTY2NmE3OTBlYzMyYTEyZWJmNzE5MjQ5Mjc4NjVhZmM=,4848,48480074,48480074,48480074;
4848,48480001,OTY2NmE3OTBlYzMyYTEyZWJmNzE5MjQ5Mjc4NjVhZmM=,4848,48480075,48480075,48480075;
4848,48480001,OTY2NmE3OTBlYzMyYTEyZWJmNzE5MjQ5Mjc4NjVhZmM=,4848,48480076,48480076,48480076;
4848,48480001,OTY2NmE3OTBlYzMyYTEyZWJmNzE5MjQ5Mjc4NjVhZmM=,4848,48480077,48480077,48480077;
4848,48480001,OTY2NmE3OTBlYzMyYTEyZWJmNzE5MjQ5Mjc4NjVhZmM=,4848,48480078,48480078,48480078;
4848,48480001,OTY2NmE3OTBlYzMyYTEyZWJmNzE5MjQ5Mjc4NjVhZmM=,4848,48480079,48480079,48480079;
4848,48480001,OTY2NmE3OTBlYzMyYTEyZWJmNzE5MjQ5Mjc4NjVhZmM=,4848,48480080,48480080,48480080;
4848,48480001,OTY2NmE3OTBlYzMyYTEyZWJmNzE5MjQ5Mjc4NjVhZmM=,4848,48480081,48480081,48480081;
4848,48480001,OTY2NmE3OTBlYzMyYTEyZWJmNzE5MjQ5Mjc4NjVhZmM=,4848,48480082,48480082,48480082;
4848,48480001,OTY2NmE3OTBlYzMyYTEyZWJmNzE5MjQ5Mjc4NjVhZmM=,4848,48480083,48480083,48480083;
4848,48480001,OTY2NmE3OTBlYzMyYTEyZWJmNzE5MjQ5Mjc4NjVhZmM=,4848,48480084,48480084,48480084;
4848,48480001,OTY2NmE3OTBlYzMyYTEyZWJmNzE5MjQ5Mjc4NjVhZmM=,4848,48480085,48480085,48480085;
4848,48480001,OTY2NmE3OTBlYzMyYTEyZWJmNzE5MjQ5Mjc4NjVhZmM=,4848,48480086,48480086,48480086;
4848,48480001,OTY2NmE3OTBlYzMyYTEyZWJmNzE5MjQ5Mjc4NjVhZmM=,4848,48480087,48480087,48480087;
4848,48480001,OTY2NmE3OTBlYzMyYTEyZWJmNzE5MjQ5Mjc4NjVhZmM=,4848,48480088,48480088,48480088;
4848,48480001,OTY2NmE3OTBlYzMyYTEyZWJmNzE5MjQ5Mjc4NjVhZmM=,4848,48480089,48480089,48480089;
4848,48480001,OTY2NmE3OTBlYzMyYTEyZWJmNzE5MjQ5Mjc4NjVhZmM=,4848,48480090,48480090,48480090;
4848,48480001,OTY2NmE3OTBlYzMyYTEyZWJmNzE5MjQ5Mjc4NjVhZmM=,4848,48480091,48480091,48480091;
4848,48480001,OTY2NmE3OTBlYzMyYTEyZWJmNzE5MjQ5Mjc4NjVhZmM=,4848,48480092,48480092,48480092;
4848,48480001,OTY2NmE3OTBlYzMyYTEyZWJmNzE5MjQ5Mjc4NjVhZmM=,4848,48480093,48480093,48480093;
4848,48480001,OTY2NmE3OTBlYzMyYTEyZWJmNzE5MjQ5Mjc4NjVhZmM=,4848,48480094,48480094,48480094;
4848,48480001,OTY2NmE3OTBlYzMyYTEyZWJmNzE5MjQ5Mjc4NjVhZmM=,4848,48480095,48480095,48480095;
4848,48480001,OTY2NmE3OTBlYzMyYTEyZWJmNzE5MjQ5Mjc4NjVhZmM=,4848,48480096,48480096,48480096;
4848,48480001,OTY2NmE3OTBlYzMyYTEyZWJmNzE5MjQ5Mjc4NjVhZmM=,4848,48480097,48480097,48480097;
4848,48480001,OTY2NmE3OTBlYzMyYTEyZWJmNzE5MjQ5Mjc4NjVhZmM=,4848,48480098,48480098,48480098;
4848,48480001,OTY2NmE3OTBlYzMyYTEyZWJmNzE5MjQ5Mjc4NjVhZmM=,4848,48480099,48480099,48480099;
4848,48480001,OTY2NmE3OTBlYzMyYTEyZWJmNzE5MjQ5Mjc4NjVhZmM=,4848,48480100,48480100,48480100;
4949,49490001,NjUzOTA2YzQ5NDNiZDFkY2M3ZTFjZWZiNDMyNTI4OTY=,4949,49490001,49490001,49490001;
4949,49490001,NjUzOTA2YzQ5NDNiZDFkY2M3ZTFjZWZiNDMyNTI4OTY=,4949,49490002,49490002,49490002;
4949,49490001,NjUzOTA2YzQ5NDNiZDFkY2M3ZTFjZWZiNDMyNTI4OTY=,4949,49490003,49490003,49490003;
4949,49490001,NjUzOTA2YzQ5NDNiZDFkY2M3ZTFjZWZiNDMyNTI4OTY=,4949,49490004,49490004,49490004;
4949,49490001,NjUzOTA2YzQ5NDNiZDFkY2M3ZTFjZWZiNDMyNTI4OTY=,4949,49490005,49490005,49490005;
4949,49490001,NjUzOTA2YzQ5NDNiZDFkY2M3ZTFjZWZiNDMyNTI4OTY=,4949,49490006,49490006,49490006;
4949,49490001,NjUzOTA2YzQ5NDNiZDFkY2M3ZTFjZWZiNDMyNTI4OTY=,4949,49490007,49490007,49490007;
4949,49490001,NjUzOTA2YzQ5NDNiZDFkY2M3ZTFjZWZiNDMyNTI4OTY=,4949,49490008,49490008,49490008;
4949,49490001,NjUzOTA2YzQ5NDNiZDFkY2M3ZTFjZWZiNDMyNTI4OTY=,4949,49490009,49490009,49490009;
4949,49490001,NjUzOTA2YzQ5NDNiZDFkY2M3ZTFjZWZiNDMyNTI4OTY=,4949,49490010,49490010,49490010;
4949,49490001,NjUzOTA2YzQ5NDNiZDFkY2M3ZTFjZWZiNDMyNTI4OTY=,4949,49490011,49490011,49490011;
4949,49490001,NjUzOTA2YzQ5NDNiZDFkY2M3ZTFjZWZiNDMyNTI4OTY=,4949,49490012,49490012,49490012;
4949,49490001,NjUzOTA2YzQ5NDNiZDFkY2M3ZTFjZWZiNDMyNTI4OTY=,4949,49490013,49490013,49490013;
4949,49490001,NjUzOTA2YzQ5NDNiZDFkY2M3ZTFjZWZiNDMyNTI4OTY=,4949,49490014,49490014,49490014;
4949,49490001,NjUzOTA2YzQ5NDNiZDFkY2M3ZTFjZWZiNDMyNTI4OTY=,4949,49490015,49490015,49490015;
4949,49490001,NjUzOTA2YzQ5NDNiZDFkY2M3ZTFjZWZiNDMyNTI4OTY=,4949,49490016,49490016,49490016;
4949,49490001,NjUzOTA2YzQ5NDNiZDFkY2M3ZTFjZWZiNDMyNTI4OTY=,4949,49490017,49490017,49490017;
4949,49490001,NjUzOTA2YzQ5NDNiZDFkY2M3ZTFjZWZiNDMyNTI4OTY=,4949,49490018,49490018,49490018;
4949,49490001,NjUzOTA2YzQ5NDNiZDFkY2M3ZTFjZWZiNDMyNTI4OTY=,4949,49490019,49490019,49490019;
4949,49490001,NjUzOTA2YzQ5NDNiZDFkY2M3ZTFjZWZiNDMyNTI4OTY=,4949,49490020,49490020,49490020;
4949,49490001,NjUzOTA2YzQ5NDNiZDFkY2M3ZTFjZWZiNDMyNTI4OTY=,4949,49490021,49490021,49490021;
4949,49490001,NjUzOTA2YzQ5NDNiZDFkY2M3ZTFjZWZiNDMyNTI4OTY=,4949,49490022,49490022,49490022;
4949,49490001,NjUzOTA2YzQ5NDNiZDFkY2M3ZTFjZWZiNDMyNTI4OTY=,4949,49490023,49490023,49490023;
4949,49490001,NjUzOTA2YzQ5NDNiZDFkY2M3ZTFjZWZiNDMyNTI4OTY=,4949,49490024,49490024,49490024;
4949,49490001,NjUzOTA2YzQ5NDNiZDFkY2M3ZTFjZWZiNDMyNTI4OTY=,4949,49490025,49490025,49490025;
4949,49490001,NjUzOTA2YzQ5NDNiZDFkY2M3ZTFjZWZiNDMyNTI4OTY=,4949,49490026,49490026,49490026;
4949,49490001,NjUzOTA2YzQ5NDNiZDFkY2M3ZTFjZWZiNDMyNTI4OTY=,4949,49490027,49490027,49490027;
4949,49490001,NjUzOTA2YzQ5NDNiZDFkY2M3ZTFjZWZiNDMyNTI4OTY=,4949,49490028,49490028,49490028;
4949,49490001,NjUzOTA2YzQ5NDNiZDFkY2M3ZTFjZWZiNDMyNTI4OTY=,4949,49490029,49490029,49490029;
4949,49490001,NjUzOTA2YzQ5NDNiZDFkY2M3ZTFjZWZiNDMyNTI4OTY=,4949,49490030,49490030,49490030;
4949,49490001,NjUzOTA2YzQ5NDNiZDFkY2M3ZTFjZWZiNDMyNTI4OTY=,4949,49490031,49490031,49490031;
4949,49490001,NjUzOTA2YzQ5NDNiZDFkY2M3ZTFjZWZiNDMyNTI4OTY=,4949,49490032,49490032,49490032;
4949,49490001,NjUzOTA2YzQ5NDNiZDFkY2M3ZTFjZWZiNDMyNTI4OTY=,4949,49490033,49490033,49490033;
4949,49490001,NjUzOTA2YzQ5NDNiZDFkY2M3ZTFjZWZiNDMyNTI4OTY=,4949,49490034,49490034,49490034;
4949,49490001,NjUzOTA2YzQ5NDNiZDFkY2M3ZTFjZWZiNDMyNTI4OTY=,4949,49490035,49490035,49490035;
4949,49490001,NjUzOTA2YzQ5NDNiZDFkY2M3ZTFjZWZiNDMyNTI4OTY=,4949,49490036,49490036,49490036;
4949,49490001,NjUzOTA2YzQ5NDNiZDFkY2M3ZTFjZWZiNDMyNTI4OTY=,4949,49490037,49490037,49490037;
4949,49490001,NjUzOTA2YzQ5NDNiZDFkY2M3ZTFjZWZiNDMyNTI4OTY=,4949,49490038,49490038,49490038;
4949,49490001,NjUzOTA2YzQ5NDNiZDFkY2M3ZTFjZWZiNDMyNTI4OTY=,4949,49490039,49490039,49490039;
4949,49490001,NjUzOTA2YzQ5NDNiZDFkY2M3ZTFjZWZiNDMyNTI4OTY=,4949,49490040,49490040,49490040;
4949,49490001,NjUzOTA2YzQ5NDNiZDFkY2M3ZTFjZWZiNDMyNTI4OTY=,4949,49490041,49490041,49490041;
4949,49490001,NjUzOTA2YzQ5NDNiZDFkY2M3ZTFjZWZiNDMyNTI4OTY=,4949,49490042,49490042,49490042;
4949,49490001,NjUzOTA2YzQ5NDNiZDFkY2M3ZTFjZWZiNDMyNTI4OTY=,4949,49490043,49490043,49490043;
4949,49490001,NjUzOTA2YzQ5NDNiZDFkY2M3ZTFjZWZiNDMyNTI4OTY=,4949,49490044,49490044,49490044;
4949,49490001,NjUzOTA2YzQ5NDNiZDFkY2M3ZTFjZWZiNDMyNTI4OTY=,4949,49490045,49490045,49490045;
4949,49490001,NjUzOTA2YzQ5NDNiZDFkY2M3ZTFjZWZiNDMyNTI4OTY=,4949,49490046,49490046,49490046;
4949,49490001,NjUzOTA2YzQ5NDNiZDFkY2M3ZTFjZWZiNDMyNTI4OTY=,4949,49490047,49490047,49490047;
4949,49490001,NjUzOTA2YzQ5NDNiZDFkY2M3ZTFjZWZiNDMyNTI4OTY=,4949,49490048,49490048,49490048;
4949,49490001,NjUzOTA2YzQ5NDNiZDFkY2M3ZTFjZWZiNDMyNTI4OTY=,4949,49490049,49490049,49490049;
4949,49490001,NjUzOTA2YzQ5NDNiZDFkY2M3ZTFjZWZiNDMyNTI4OTY=,4949,49490050,49490050,49490050;
4949,49490001,NjUzOTA2YzQ5NDNiZDFkY2M3ZTFjZWZiNDMyNTI4OTY=,4949,49490051,49490051,49490051;
4949,49490001,NjUzOTA2YzQ5NDNiZDFkY2M3ZTFjZWZiNDMyNTI4OTY=,4949,49490052,49490052,49490052;
4949,49490001,NjUzOTA2YzQ5NDNiZDFkY2M3ZTFjZWZiNDMyNTI4OTY=,4949,49490053,49490053,49490053;
4949,49490001,NjUzOTA2YzQ5NDNiZDFkY2M3ZTFjZWZiNDMyNTI4OTY=,4949,49490054,49490054,49490054;
4949,49490001,NjUzOTA2YzQ5NDNiZDFkY2M3ZTFjZWZiNDMyNTI4OTY=,4949,49490055,49490055,49490055;
4949,49490001,NjUzOTA2YzQ5NDNiZDFkY2M3ZTFjZWZiNDMyNTI4OTY=,4949,49490056,49490056,49490056;
4949,49490001,NjUzOTA2YzQ5NDNiZDFkY2M3ZTFjZWZiNDMyNTI4OTY=,4949,49490057,49490057,49490057;
4949,49490001,NjUzOTA2YzQ5NDNiZDFkY2M3ZTFjZWZiNDMyNTI4OTY=,4949,49490058,49490058,49490058;
4949,49490001,NjUzOTA2YzQ5NDNiZDFkY2M3ZTFjZWZiNDMyNTI4OTY=,4949,49490059,49490059,49490059;
4949,49490001,NjUzOTA2YzQ5NDNiZDFkY2M3ZTFjZWZiNDMyNTI4OTY=,4949,49490060,49490060,49490060;
4949,49490001,NjUzOTA2YzQ5NDNiZDFkY2M3ZTFjZWZiNDMyNTI4OTY=,4949,49490061,49490061,49490061;
4949,49490001,NjUzOTA2YzQ5NDNiZDFkY2M3ZTFjZWZiNDMyNTI4OTY=,4949,49490062,49490062,49490062;
4949,49490001,NjUzOTA2YzQ5NDNiZDFkY2M3ZTFjZWZiNDMyNTI4OTY=,4949,49490063,49490063,49490063;
4949,49490001,NjUzOTA2YzQ5NDNiZDFkY2M3ZTFjZWZiNDMyNTI4OTY=,4949,49490064,49490064,49490064;
4949,49490001,NjUzOTA2YzQ5NDNiZDFkY2M3ZTFjZWZiNDMyNTI4OTY=,4949,49490065,49490065,49490065;
4949,49490001,NjUzOTA2YzQ5NDNiZDFkY2M3ZTFjZWZiNDMyNTI4OTY=,4949,49490066,49490066,49490066;
4949,49490001,NjUzOTA2YzQ5NDNiZDFkY2M3ZTFjZWZiNDMyNTI4OTY=,4949,49490067,49490067,49490067;
4949,49490001,NjUzOTA2YzQ5NDNiZDFkY2M3ZTFjZWZiNDMyNTI4OTY=,4949,49490068,49490068,49490068;
4949,49490001,NjUzOTA2YzQ5NDNiZDFkY2M3ZTFjZWZiNDMyNTI4OTY=,4949,49490069,49490069,49490069;
4949,49490001,NjUzOTA2YzQ5NDNiZDFkY2M3ZTFjZWZiNDMyNTI4OTY=,4949,49490070,49490070,49490070;
4949,49490001,NjUzOTA2YzQ5NDNiZDFkY2M3ZTFjZWZiNDMyNTI4OTY=,4949,49490071,49490071,49490071;
4949,49490001,NjUzOTA2YzQ5NDNiZDFkY2M3ZTFjZWZiNDMyNTI4OTY=,4949,49490072,49490072,49490072;
4949,49490001,NjUzOTA2YzQ5NDNiZDFkY2M3ZTFjZWZiNDMyNTI4OTY=,4949,49490073,49490073,49490073;
4949,49490001,NjUzOTA2YzQ5NDNiZDFkY2M3ZTFjZWZiNDMyNTI4OTY=,4949,49490074,49490074,49490074;
4949,49490001,NjUzOTA2YzQ5NDNiZDFkY2M3ZTFjZWZiNDMyNTI4OTY=,4949,49490075,49490075,49490075;
4949,49490001,NjUzOTA2YzQ5NDNiZDFkY2M3ZTFjZWZiNDMyNTI4OTY=,4949,49490076,49490076,49490076;
4949,49490001,NjUzOTA2YzQ5NDNiZDFkY2M3ZTFjZWZiNDMyNTI4OTY=,4949,49490077,49490077,49490077;
4949,49490001,NjUzOTA2YzQ5NDNiZDFkY2M3ZTFjZWZiNDMyNTI4OTY=,4949,49490078,49490078,49490078;
4949,49490001,NjUzOTA2YzQ5NDNiZDFkY2M3ZTFjZWZiNDMyNTI4OTY=,4949,49490079,49490079,49490079;
4949,49490001,NjUzOTA2YzQ5NDNiZDFkY2M3ZTFjZWZiNDMyNTI4OTY=,4949,49490080,49490080,49490080;
4949,49490001,NjUzOTA2YzQ5NDNiZDFkY2M3ZTFjZWZiNDMyNTI4OTY=,4949,49490081,49490081,49490081;
4949,49490001,NjUzOTA2YzQ5NDNiZDFkY2M3ZTFjZWZiNDMyNTI4OTY=,4949,49490082,49490082,49490082;
4949,49490001,NjUzOTA2YzQ5NDNiZDFkY2M3ZTFjZWZiNDMyNTI4OTY=,4949,49490083,49490083,49490083;
4949,49490001,NjUzOTA2YzQ5NDNiZDFkY2M3ZTFjZWZiNDMyNTI4OTY=,4949,49490084,49490084,49490084;
4949,49490001,NjUzOTA2YzQ5NDNiZDFkY2M3ZTFjZWZiNDMyNTI4OTY=,4949,49490085,49490085,49490085;
4949,49490001,NjUzOTA2YzQ5NDNiZDFkY2M3ZTFjZWZiNDMyNTI4OTY=,4949,49490086,49490086,49490086;
4949,49490001,NjUzOTA2YzQ5NDNiZDFkY2M3ZTFjZWZiNDMyNTI4OTY=,4949,49490087,49490087,49490087;
4949,49490001,NjUzOTA2YzQ5NDNiZDFkY2M3ZTFjZWZiNDMyNTI4OTY=,4949,49490088,49490088,49490088;
4949,49490001,NjUzOTA2YzQ5NDNiZDFkY2M3ZTFjZWZiNDMyNTI4OTY=,4949,49490089,49490089,49490089;
4949,49490001,NjUzOTA2YzQ5NDNiZDFkY2M3ZTFjZWZiNDMyNTI4OTY=,4949,49490090,49490090,49490090;
4949,49490001,NjUzOTA2YzQ5NDNiZDFkY2M3ZTFjZWZiNDMyNTI4OTY=,4949,49490091,49490091,49490091;
4949,49490001,NjUzOTA2YzQ5NDNiZDFkY2M3ZTFjZWZiNDMyNTI4OTY=,4949,49490092,49490092,49490092;
4949,49490001,NjUzOTA2YzQ5NDNiZDFkY2M3ZTFjZWZiNDMyNTI4OTY=,4949,49490093,49490093,49490093;
4949,49490001,NjUzOTA2YzQ5NDNiZDFkY2M3ZTFjZWZiNDMyNTI4OTY=,4949,49490094,49490094,49490094;
4949,49490001,NjUzOTA2YzQ5NDNiZDFkY2M3ZTFjZWZiNDMyNTI4OTY=,4949,49490095,49490095,49490095;
4949,49490001,NjUzOTA2YzQ5NDNiZDFkY2M3ZTFjZWZiNDMyNTI4OTY=,4949,49490096,49490096,49490096;
4949,49490001,NjUzOTA2YzQ5NDNiZDFkY2M3ZTFjZWZiNDMyNTI4OTY=,4949,49490097,49490097,49490097;
4949,49490001,NjUzOTA2YzQ5NDNiZDFkY2M3ZTFjZWZiNDMyNTI4OTY=,4949,49490098,49490098,49490098;
4949,49490001,NjUzOTA2YzQ5NDNiZDFkY2M3ZTFjZWZiNDMyNTI4OTY=,4949,49490099,49490099,49490099;
4949,49490001,NjUzOTA2YzQ5NDNiZDFkY2M3ZTFjZWZiNDMyNTI4OTY=,4949,49490100,49490100,49490100;