exch_no,stock_code,order_price,price_type,order_oper_way
1,600600,49.46,1,11
1,600601,3.66,1,11
1,600603,5.25,1,11
2,000001,14.56,1,11
2,000016,4.53,1,11
2,000004,20.05,1,11
2,000011,10.51,1,11
2,000002,26.91,1,11
2,000005,3.48,1,11
2,000006,5.50,1,11
2,000007,7.95,1,11
2,000008,3.69,1,11
2,000009,4.86,1,11
2,000010,3.42,1,11
2,000012,4.31,1,11
2,000014,10.58,1,11
2,000017,5.31,1,11
2,000018,0.96,1,11
2,000019,6.77,1,11
2,000020,11.96,1,11
2,000021,13.10,1,11
2,000022,16.46,1,11
2,000023,14.37,1,11
2,000025,22.15,1,11
2,000026,8.13,1,11
2,000027,6.10,1,11
2,000028,45.75,1,11
2,000029,10.97,1,11
2,000030,4.69,1,11
2,000031,6.85,1,11
2,000032,13.47,1,11
2,000034,18.34,1,11
2,000035,6.09,1,11
2,000036,4.46,1,11
2,000037,14.24,1,11
2,000038,14.28,1,11
2,000039,10.14,1,11
2,000040,5.48,1,11
2,000042,9.64,1,11
2,000043,15.12,1,11
2,000045,8.01,1,11
2,000046,4.80,1,11
2,000048,24.15,1,11
2,000049,37.73,1,11
2,000050,15.32,1,11
2,000055,5.11,1,11
2,000056,5.36,1,11
2,000058,10.18,1,11
2,000059,5.97,1,11
2,000060,4.36,1,11
2,000061,5.51,1,11
2,000062,14.58,1,11
2,000063,35.46,1,11
2,000065,9.51,1,11
2,000066,12.55,1,11
2,000068,4.67,1,11
2,000069,7.13,1,11
2,000070,13.32,1,11
2,000078,3.58,1,11
2,000088,6.16,1,11
2,000089,10.35,1,11
2,000090,5.47,1,11
2,000096,10.39,1,11
2,000099,7.93,1,11
2,000100,3.76,1,11
2,000150,5.82,1,11
2,000151,10.59,1,11
2,000153,6.49,1,11
2,000155,4.24,1,11
2,000156,10.19,1,11
2,000157,5.97,1,11
2,000158,5.85,1,11
2,000159,7.56,1,11
2,000301,5.42,1,11
2,000400,8.89,1,11
2,000401,16.97,1,11
2,000402,7.81,1,11
2,000403,30.63,1,11
2,000404,4.10,1,11
2,000407,3.68,1,11
2,000408,9.66,1,11
2,000409,5.89,1,11
2,000410,6.08,1,11
2,000411,13.79,1,11
2,000413,5.14,1,11
2,000415,3.90,1,11
2,000416,6.14,1,11
2,000417,4.67,1,11
2,000418,57.39,1,11
2,000419,4.43,1,11
2,000420,2.44,1,11
2,000421,4.54,1,11
2,000422,2.73,1,11
2,000423,32.54,1,11
2,000425,4.68,1,11
2,000426,6.15,1,11
2,000428,2.75,1,11
2,000429,7.60,1,11
2,000430,5.50,1,11
2,000488,5.11,1,11
2,000498,4.91,1,11
2,000501,10.39,1,11
2,000502,7.10,1,11
2,000503,18.98,1,11
2,000504,9.38,1,11
2,000505,6.06,1,11
2,000506,3.43,1,11
2,000507,5.77,1,11
2,000509,2.72,1,11
2,000510,4.30,1,11
2,000511,0.70,1,11
2,000513,28.30,1,11
2,000514,4.30,1,11
2,000516,5.01,1,11
2,000517,2.82,1,11
2,000518,3.45,1,11
2,000519,9.60,1,11
2,000520,4.25,1,11
2,000521,3.50,1,11
2,000523,5.59,1,11
2,000524,7.83,1,11
2,000525,11.85,1,11
2,000526,26.13,1,11
2,000528,6.57,1,11
2,000529,6.68,1,11
2,000530,4.44,1,11
2,000531,7.29,1,11
2,000532,10.28,1,11
2,000533,2.76,1,11
2,000534,10.19,1,11
2,000536,3.22,1,11
2,000537,6.75,1,11
2,000538,76.51,1,11
2,000539,3.99,1,11
2,000540,3.71,1,11
2,000541,5.32,1,11
2,000543,4.85,1,11
2,000544,7.10,1,11
2,000545,3.37,1,11
2,000546,9.55,1,11
2,000547,12.25,1,11
2,000548,4.38,1,11
2,000550,16.70,1,11
2,000551,6.83,1,11
2,000552,2.62,1,11
2,000553,9.73,1,11
2,000554,5.35,1,11
2,000555,12.48,1,11
2,000557,3.58,1,11
2,000558,3.79,1,11
2,000559,5.57,1,11
2,000560,4.68,1,11
2,000561,7.71,1,11
2,000563,4.55,1,11
2,000564,2.44,1,11
2,000565,5.41,1,11
2,000566,6.96,1,11
2,000567,9.48,1,11
2,000568,87.51,1,11
2,000570,4.96,1,11
2,000571,2.38,1,11
2,000572,1.78,1,11
2,000573,3.08,1,11
2,000576,9.12,1,11
2,000581,17.38,1,11
2,000582,9.41,1,11
2,000584,7.89,1,11
2,000585,1.96,1,11
2,000586,12.85,1,11
2,000587,2.33,1,11
2,000589,4.89,1,11
2,000590,12.11,1,11
2,000591,3.33,1,11
2,000592,3.05,1,11
2,000593,6.47,1,11
2,000595,4.29,1,11
2,000596,113.78,1,11
2,000597,12.37,1,11
2,000598,4.75,1,11
2,000599,4.89,1,11
2,000600,5.89,1,11
2,000601,5.76,1,11
2,000603,16.01,1,11
2,000605,7.66,1,11
2,000606,6.20,1,11
2,000607,4.88,1,11
2,000608,5.72,1,11
2,000609,5.37,1,11
2,000610,11.17,1,11
2,000611,3.39,1,11
2,000612,4.87,1,11
2,000613,5.30,1,11
2,000615,5.31,1,11
2,000616,2.77,1,11
2,000617,13.06,1,11
2,000619,5.71,1,11
2,000620,4.37,1,11
2,000622,5.51,1,11
2,000623,16.64,1,11
2,000625,8.55,1,11
2,000626,8.22,1,11
2,000627,7.34,1,11
2,000628,10.15,1,11
2,000629,3.12,1,11
2,000630,2.30,1,11
2,000631,2.90,1,11
2,000632,6.17,1,11
2,000633,4.71,1,11
2,000635,8.21,1,11
2,000636,14.71,1,11
2,000637,4.77,1,11
2,000638,5.71,1,11
2,000639,5.50,1,11
2,000650,7.52,1,11
2,000651,58.70,1,11
2,000652,3.80,1,11
2,000655,5.50,1,11
2,000656,6.73,1,11
2,000657,7.60,1,11
2,000659,2.85,1,11
2,000661,357.30,1,11
2,000662,5.17,1,11
2,000663,6.12,1,11
2,000665,5.88,1,11
2,000666,13.29,1,11
2,000667,2.87,1,11
2,000668,15.59,1,11
2,000669,4.36,1,11
2,000670,2.15,1,11
2,000671,6.02,1,11
2,000672,13.17,1,11
2,000673,3.21,1,11
2,000676,6.61,1,11
2,000677,3.49,1,11
2,000678,7.30,1,11
2,000679,3.93,1,11
2,000680,3.75,1,11
2,000681,22.36,1,11
2,000682,5.50,1,11
2,000683,2.46,1,11
2,000685,8.38,1,11
2,000686,8.92,1,11
2,000687,8.10,1,11
2,000688,10.24,1,11
2,000690,5.89,1,11
2,000691,3.97,1,11
2,000692,2.93,1,11
2,000693,0.41,1,11
2,000695,8.50,1,11
2,001696,6.21,1,11
2,000697,13.88,1,11
2,000698,4.13,1,11
2,000700,3.56,1,11
2,000701,6.06,1,11
2,000702,6.94,1,11
2,000703,13.34,1,11
2,000705,6.70,1,11
2,000707,2.70,1,11
2,000708,16.44,1,11
2,000709,2.64,1,11
2,000710,34.24,1,11
2,000711,5.18,1,11
2,000712,13.45,1,11
2,000713,10.42,1,11
2,000715,11.17,1,11
2,000716,3.64,1,11
2,000717,4.03,1,11
2,000718,3.89,1,11
2,000719,7.40,1,11
2,000720,4.70,1,11
2,000721,4.26,1,11
2,000722,7.35,1,11
2,000723,12.09,1,11
2,000725,4.05,1,11
2,000726,9.34,1,11
2,000727,2.36,1,11
2,000728,9.16,1,11
2,000729,6.12,1,11
2,000731,5.50,1,11
2,000732,6.43,1,11
2,000733,17.96,1,11
2,000735,10.04,1,11
2,000736,6.76,1,11
2,000737,3.02,1,11
2,000738,15.21,1,11
2,000739,12.34,1,11
2,000750,5.32,1,11
2,000751,3.29,1,11
2,000752,3.99,1,11
2,000753,3.10,1,11
2,000755,4.30,1,11
2,000756,7.32,1,11
2,000757,4.69,1,11
2,000758,4.82,1,11
2,000759,7.30,1,11
2,000760,1.46,1,11
2,000761,4.00,1,11
2,000762,7.48,1,11
2,000766,7.95,1,11
2,000767,2.64,1,11
2,000768,17.56,1,11
2,000776,14.69,1,11
2,000777,13.82,1,11
2,000778,4.09,1,11
2,000779,12.20,1,11
2,000780,3.23,1,11
2,000782,4.00,1,11
2,000783,7.47,1,11
2,000785,10.24,1,11
2,000786,18.73,1,11
2,000788,6.73,1,11
2,000789,9.88,1,11
2,000790,4.54,1,11
2,000791,3.88,1,11
2,000792,7.27,1,11
2,000793,3.29,1,11
2,000795,7.32,1,11
2,000796,6.97,1,11
2,000797,3.49,1,11
2,000798,6.11,1,11
2,000799,31.33,1,11
2,000800,8.88,1,11
2,000801,6.09,1,11
2,000802,9.63,1,11
2,000803,15.16,1,11
2,000806,2.25,1,11
2,000807,5.27,1,11
2,000809,2.41,1,11
2,000810,10.14,1,11
2,000811,7.70,1,11
2,000812,3.65,1,11
2,000813,8.26,1,11
2,000815,8.94,1,11
2,000816,1.59,1,11
2,000818,10.21,1,11
2,000819,8.79,1,11
2,000820,1.84,1,11
2,000821,7.85,1,11
2,000822,4.94,1,11
2,000823,11.84,1,11
2,000825,4.09,1,11
2,000826,9.97,1,11
2,000828,8.75,1,11
2,000829,5.96,1,11
2,000830,10.88,1,11
2,000831,14.91,1,11
2,000833,5.70,1,11
2,000835,4.26,1,11
2,000836,3.97,1,11
2,000837,4.41,1,11
2,000838,3.30,1,11
2,000839,4.02,1,11
2,000848,7.80,1,11
2,000850,4.26,1,11
2,000851,5.66,1,11
2,000852,6.81,1,11
2,000856,11.54,1,11
2,000858,129.26,1,11
2,000859,5.14,1,11
2,000860,49.20,1,11
2,000861,2.81,1,11
2,000862,6.37,1,11
2,000863,4.89,1,11
2,000868,3.14,1,11
2,000869,29.82,1,11
2,000875,2.99,1,11
2,000876,18.16,1,11
2,000877,11.16,1,11
2,000878,10.75,1,11
2,000880,8.04,1,11
2,000881,7.74,1,11
2,000882,2.29,1,11
2,000883,4.15,1,11
2,000885,10.53,1,11
2,000886,3.62,1,11
2,000887,9.78,1,11
2,000888,6.24,1,11
2,000889,9.87,1,11
2,000890,6.46,1,11
2,000892,4.86,1,11
2,000893,7.36,1,11
2,000895,23.47,1,11
2,001896,3.83,1,11
2,000897,2.17,1,11
2,000898,3.33,1,11
2,000899,4.95,1,11
2,000900,4.62,1,11
2,000901,12.88,1,11
2,000902,11.22,1,11
2,000903,2.71,1,11
2,000905,7.44,1,11
2,000906,6.34,1,11
2,000908,4.64,1,11
2,000909,7.86,1,11
2,000910,12.07,1,11
2,000911,6.01,1,11
2,000912,5.57,1,11
2,000913,9.88,1,11
2,000915,23.92,1,11
2,000916,8.82,1,11
2,000917,6.69,1,11
2,000918,6.44,1,11
2,000919,7.76,1,11
2,000920,7.00,1,11
2,000921,11.91,1,11
2,000922,8.67,1,11
2,000923,15.53,1,11
2,000925,6.91,1,11
2,000926,6.66,1,11
2,000927,3.85,1,11
2,000928,5.66,1,11
2,000929,7.52,1,11
2,000930,7.16,1,11
2,000931,8.68,1,11
2,000932,4.32,1,11
2,000933,4.72,1,11
2,000935,14.83,1,11
2,000936,7.69,1,11
2,000937,3.68,1,11
2,000938,34.90,1,11
2,000939,1.05,1,11
2,000948,11.01,1,11
2,000949,3.52,1,11
2,000950,6.65,1,11
2,000951,15.49,1,11
2,000952,9.69,1,11
2,000953,4.04,1,11
2,000955,4.24,1,11
2,000957,7.27,1,11
2,000958,6.75,1,11
2,000959,3.49,1,11
2,000960,11.08,1,11
2,000961,7.92,1,11
2,000962,7.67,1,11
2,000963,28.86,1,11
2,000965,3.44,1,11
2,000966,5.31,1,11
2,000967,6.97,1,11
2,000968,11.19,1,11
2,000969,7.71,1,11
2,000970,10.66,1,11
2,000971,2.17,1,11
2,000972,2.70,1,11
2,000973,4.14,1,11
2,000975,15.90,1,11
2,000976,5.52,1,11
2,000977,26.68,1,11
2,000978,5.52,1,11
2,000979,0.22,1,11
2,000980,3.87,1,11
2,000981,1.54,1,11
2,000982,1.62,1,11
2,000983,6.18,1,11
2,000985,14.80,1,11
2,000987,9.77,1,11
2,000988,21.38,1,11
2,000989,9.00,1,11
2,000990,16.90,1,11
2,000993,8.19,1,11
2,000995,7.47,1,11
2,000996,14.03,1,11
2,000997,18.05,1,11
2,000998,13.04,1,11
2,000999,30.98,1,11
2,002001,22.39,1,11
2,002181,4.66,1,11
1,600000,11.95,1,11
1,600004,19.85,1,11
1,600006,4.87,1,11
1,600007,16.79,1,11
1,600008,3.54,1,11
1,600009,82.20,1,11
1,600010,1.54,1,11
1,600011,6.36,1,11
1,600012,5.66,1,11
1,600015,7.55,1,11
1,600016,6.15,1,11
1,600019,6.14,1,11
1,600020,4.50,1,11
1,600021,8.14,1,11
1,600026,7.06,1,11
1,600028,5.26,1,11
1,600029,6.87,1,11
1,600030,24.39,1,11
1,600031,14.60,1,11
1,600033,3.14,1,11
1,600035,3.46,1,11
1,600036,35.05,1,11
1,600037,10.09,1,11
1,600038,48.68,1,11
1,600039,3.42,1,11
1,600050,6.43,1,11
1,600051,6.35,1,11
1,600052,6.46,1,11
1,600053,23.66,1,11
1,600054,9.49,1,11
1,600055,10.30,1,11
1,600056,13.67,1,11
1,600057,4.50,1,11
1,600058,8.24,1,11
1,600059,8.89,1,11
1,600060,8.07,1,11
1,600061,13.71,1,11
1,600062,13.76,1,11
1,600063,3.32,1,11
1,600064,9.64,1,11
1,600066,15.10,1,11
1,600067,4.30,1,11
1,600068,6.19,1,11
1,600069,2.83,1,11
1,600070,8.62,1,11
1,600071,12.54,1,11
1,600072,17.69,1,11
1,600073,9.33,1,11
1,600074,1.04,1,11
1,600075,5.03,1,11
1,600076,4.47,1,11
1,600077,2.58,1,11
1,600078,5.84,1,11
1,600079,12.27,1,11
1,600080,6.73,1,11
1,600081,12.48,1,11
1,600082,4.31,1,11
1,600083,16.80,1,11
1,600084,2.38,1,11
1,600085,28.19,1,11
1,600086,3.52,1,11
1,600088,15.64,1,11
1,600089,6.79,1,11
1,600090,4.99,1,11
1,600091,3.79,1,11
1,600093,12.88,1,11
1,600094,7.60,1,11
1,600095,11.59,1,11
1,600096,5.60,1,11
1,600097,10.44,1,11
1,600098,6.25,1,11
1,600099,7.13,1,11
1,600100,9.37,1,11
1,600101,6.57,1,11
1,600103,2.25,1,11
1,600104,25.34,1,11
1,600105,4.47,1,11
1,600106,3.12,1,11
1,600107,7.13,1,11
1,600108,3.24,1,11
1,600109,9.49,1,11
1,600110,4.59,1,11
1,600111,11.94,1,11
1,600112,2.53,1,11
1,600113,7.71,1,11
1,600114,6.74,1,11
1,600115,5.42,1,11
1,600116,7.56,1,11
1,600117,3.57,1,11
1,600118,23.94,1,11
1,600119,5.11,1,11
1,600120,12.78,1,11
1,600121,2.54,1,11
1,600122,3.04,1,11
1,600123,6.86,1,11
1,600125,6.24,1,11
1,600126,4.23,1,11
1,600127,5.03,1,11
1,600128,8.00,1,11
1,600129,11.78,1,11
1,600130,3.90,1,11
1,600131,19.19,1,11
1,600132,41.91,1,11
1,600133,5.65,1,11
1,600135,7.47,1,11
1,600136,11.84,1,11
1,600137,15.63,1,11
1,600138,12.94,1,11
1,600139,3.76,1,11
1,600141,11.25,1,11
1,600145,1.87,1,11
1,600146,20.28,1,11
1,600148,15.51,1,11
1,600149,5.67,1,11
1,600150,24.45,1,11
1,600151,5.09,1,11
1,600152,6.90,1,11
1,600153,9.05,1,11
1,600155,14.14,1,11
1,600156,4.76,1,11
1,600157,1.61,1,11
1,600158,10.76,1,11
1,600159,2.65,1,11
1,600160,7.49,1,11
1,600161,27.51,1,11
1,600162,2.48,1,11
1,600163,3.89,1,11
1,600165,4.09,1,11
1,600166,2.19,1,11
1,600167,11.62,1,11
1,600168,6.94,1,11
1,600169,2.55,1,11
1,600170,3.55,1,11
1,600171,16.80,1,11
1,600172,3.35,1,11
1,600173,4.55,1,11
1,600175,2.25,1,11
1,600176,8.70,1,11
1,600177,6.46,1,11
1,600178,5.27,1,11
1,600179,3.93,1,11
1,600180,8.47,1,11
1,600182,16.97,1,11
1,600183,25.38,1,11
1,600184,12.66,1,11
1,600185,4.96,1,11
1,600186,1.56,1,11
1,600187,2.86,1,11
1,600188,11.40,1,11
1,600189,4.00,1,11
1,600190,3.19,1,11
1,600191,5.84,1,11
1,600192,5.84,1,11
1,600193,3.61,1,11
1,600195,17.12,1,11
1,600196,27.61,1,11
1,600197,16.00,1,11
1,600198,12.30,1,11
1,600199,6.71,1,11
1,600200,5.43,1,11
1,600201,17.89,1,11
1,600202,4.96,1,11
1,600203,6.44,1,11
1,600206,11.91,1,11
1,600207,5.07,1,11
1,600208,3.08,1,11
1,600209,3.00,1,11
1,600210,3.86,1,11
1,600211,37.60,1,11
1,600212,4.15,1,11
1,600213,10.60,1,11
1,600215,6.91,1,11
1,600216,12.75,1,11
1,600217,5.65,1,11
1,600218,13.48,1,11
1,600219,2.24,1,11
1,600220,2.32,1,11
1,600221,1.90,1,11
1,600222,4.81,1,11
1,600223,3.48,1,11
1,600225,3.56,1,11
1,600226,3.36,1,11
1,600227,2.76,1,11
1,600228,6.82,1,11
1,600229,7.33,1,11
1,600230,12.99,1,11
1,600231,2.91,1,11
1,600232,6.08,1,11
1,600233,12.26,1,11
1,600234,8.76,1,11
1,600235,5.05,1,11
1,600236,4.69,1,11
1,600237,4.15,1,11
1,600238,8.45,1,11
1,600239,3.07,1,11
1,600240,0.94,1,11
1,600241,5.66,1,11
1,600242,8.59,1,11
1,600243,4.37,1,11
1,600246,3.96,1,11
1,600247,3.94,1,11
1,600248,4.45,1,11
1,600249,4.28,1,11
1,600250,7.22,1,11
1,600251,5.74,1,11
1,600252,3.00,1,11
1,600255,1.78,1,11
1,600256,3.43,1,11
1,600257,4.49,1,11
1,600258,18.12,1,11
1,600259,35.93,1,11
1,600260,13.95,1,11
1,600261,4.25,1,11
1,600262,20.84,1,11
1,600265,26.09,1,11
1,600266,7.37,1,11
1,600267,10.89,1,11
1,600268,5.48,1,11
1,600269,4.25,1,11
1,600270,20.99,1,11
1,600271,22.84,1,11
1,600272,8.08,1,11
1,600273,12.70,1,11
1,600275,2.34,1,11
1,600276,78.09,1,11
1,600277,4.72,1,11
1,600278,12.47,1,11
1,600279,4.45,1,11
1,600280,3.41,1,11
1,600281,4.81,1,11
1,600282,3.39,1,11
1,600283,9.95,1,11
1,600284,6.63,1,11
1,600285,8.56,1,11
1,600287,6.46,1,11
1,600288,11.06,1,11
1,600289,2.74,1,11
1,600290,4.45,1,11
1,600291,9.80,1,11
1,600292,5.87,1,11
1,600293,4.17,1,11
1,600295,8.43,1,11
1,600297,4.05,1,11
1,600298,28.88,1,11
1,600299,11.11,1,11
1,600300,3.30,1,11
1,600301,6.60,1,11
1,600302,4.92,1,11
1,600303,3.92,1,11
1,600305,15.63,1,11
1,600306,6.09,1,11
1,600307,1.98,1,11
1,600308,4.37,1,11
1,600309,46.50,1,11
1,600310,4.53,1,11
1,600311,4.35,1,11
1,600312,7.34,1,11
1,600313,3.38,1,11
1,600315,32.99,1,11
1,600316,16.47,1,11
1,600317,2.69,1,11
1,600318,8.30,1,11
1,600319,5.17,1,11
1,600320,3.57,1,11
1,600321,1.79,1,11
1,600322,3.43,1,11
1,600323,18.29,1,11
1,600325,7.30,1,11
1,600326,7.25,1,11
1,600327,3.63,1,11
1,600328,8.18,1,11
1,600329,14.74,1,11
1,600330,7.29,1,11
1,600331,2.84,1,11
1,600332,37.56,1,11
1,600333,5.44,1,11
1,600335,6.97,1,11
1,600336,4.48,1,11
1,600337,3.99,1,11
1,600338,13.17,1,11
1,600339,3.86,1,11
1,600340,27.58,1,11
1,600343,10.47,1,11
1,600345,25.36,1,11
1,600346,16.11,1,11
1,600348,5.48,1,11
1,600350,4.52,1,11
1,600351,6.24,1,11
1,600352,15.99,1,11
1,600353,5.61,1,11
1,600354,6.31,1,11
1,600355,3.78,1,11
1,600356,8.60,1,11
1,600358,4.05,1,11
1,600359,6.90,1,11
1,600360,6.20,1,11
1,600361,3.92,1,11
1,600362,15.00,1,11
1,600363,13.10,1,11
1,600365,5.08,1,11
1,600366,7.49,1,11
1,600367,8.01,1,11
1,600368,5.15,1,11
1,600369,4.90,1,11
1,600370,3.07,1,11
1,600371,14.13,1,11
1,600372,15.51,1,11
1,600373,13.40,1,11
1,600375,5.26,1,11
1,600376,8.06,1,11
1,600377,10.15,1,11
1,600378,15.57,1,11
1,600379,5.86,1,11
1,600380,9.69,1,11
1,600381,5.73,1,11
1,600382,7.26,1,11
1,600383,11.73,1,11
1,600385,7.93,1,11
1,600386,4.11,1,11
1,600387,7.65,1,11
1,600388,10.85,1,11
1,600389,21.13,1,11
1,600390,9.61,1,11
1,600391,17.70,1,11
1,600392,10.06,1,11
1,600393,2.74,1,11
1,600395,5.36,1,11
1,600396,1.73,1,11
1,600397,2.44,1,11
1,600398,8.38,1,11
1,600399,2.94,1,11
1,600400,3.46,1,11
1,600401,0.15,1,11
1,600403,3.68,1,11
1,600405,4.93,1,11
1,600406,20.10,1,11
1,600408,2.38,1,11
1,600409,5.42,1,11
1,600410,12.08,1,11
1,600415,3.97,1,11
1,600416,7.31,1,11
1,600418,5.29,1,11
1,600419,14.37,1,11
1,600420,9.01,1,11
1,600421,6.93,1,11
1,600422,12.12,1,11
1,600423,3.08,1,11
1,600425,3.95,1,11
1,600426,16.33,1,11
1,600428,3.80,1,11
1,600429,5.80,1,11
1,600432,1.38,1,11
1,600433,3.63,1,11
1,600435,9.45,1,11
1,600436,100.42,1,11
1,600438,14.47,1,11
1,600439,3.41,1,11
1,600444,11.47,1,11
1,600446,24.55,1,11
1,600448,6.49,1,11
1,600449,9.07,1,11
1,600452,20.38,1,11
1,600455,27.72,1,11
1,600456,27.99,1,11
1,600458,9.85,1,11
1,600459,17.27,1,11
1,600460,16.60,1,11
1,600461,6.43,1,11
1,600462,1.40,1,11
1,600463,7.87,1,11
1,600466,6.05,1,11
1,600467,2.49,1,11
1,600468,3.74,1,11
1,600469,5.63,1,11
1,600470,5.14,1,11
1,600475,10.64,1,11
1,600476,17.91,1,11
1,600477,3.02,1,11
1,600478,4.74,1,11
1,600479,9.66,1,11
1,600480,8.07,1,11
1,600481,3.50,1,11
1,600483,9.29,1,11
1,600485,1.71,1,11
1,600486,52.68,1,11
1,600487,16.24,1,11
1,600488,4.43,1,11
1,600489,9.54,1,11
1,600490,5.17,1,11
1,600491,7.14,1,11
1,600493,6.02,1,11
1,600495,4.44,1,11
1,600496,2.82,1,11
1,600497,4.76,1,11
1,600498,29.09,1,11
1,600499,4.31,1,11
1,600500,5.37,1,11
1,600501,9.78,1,11
1,600502,4.47,1,11
1,600503,3.48,1,11
1,600505,7.05,1,11
1,600506,11.92,1,11
1,600507,9.09,1,11
1,600508,9.33,1,11
1,600509,4.43,1,11
1,600510,6.39,1,11
1,600511,28.55,1,11
1,600512,2.83,1,11
1,600513,7.28,1,11
1,600515,4.49,1,11
1,600516,11.91,1,11
1,600517,7.72,1,11
1,600518,3.56,1,11
1,600519,1069.52,1,11
1,600520,12.33,1,11
1,600521,17.39,1,11
1,600522,8.96,1,11
1,600523,15.07,1,11
1,600525,6.26,1,11
1,600526,4.99,1,11
1,600527,2.15,1,11
1,600528,10.80,1,11
1,600529,21.37,1,11
1,600530,5.41,1,11
1,600531,5.23,1,11
1,600532,4.29,1,11
1,600533,3.47,1,11
1,600535,17.58,1,11
1,600536,81.40,1,11
1,600537,3.48,1,11
1,600538,5.04,1,11
1,600539,6.36,1,11
1,600540,4.43,1,11
1,600543,6.68,1,11
1,600545,6.88,1,11
1,600546,7.04,1,11
1,600547,37.65,1,11
1,600548,10.14,1,11
1,600549,13.58,1,11
1,600550,3.54,1,11
1,600551,8.57,1,11
1,600552,5.47,1,11
1,600555,2.60,1,11
1,600556,8.17,1,11
1,600557,16.79,1,11
1,600558,3.41,1,11
1,600559,12.60,1,11
1,600560,9.32,1,11
1,600561,6.25,1,11
1,600562,16.93,1,11
1,600563,39.97,1,11
1,600565,3.62,1,11
1,600566,30.21,1,11
1,600567,3.28,1,11
1,600568,1.89,1,11
1,600569,2.53,1,11
1,600570,80.85,1,11
1,600571,10.47,1,11
1,600572,6.78,1,11
1,600573,7.08,1,11
1,600575,2.95,1,11
1,600576,4.46,1,11
1,600577,2.84,1,11
1,600578,3.11,1,11
1,600579,12.04,1,11
1,600580,9.10,1,11
1,600581,3.45,1,11
1,600582,3.48,1,11
1,600583,5.42,1,11
1,600584,19.04,1,11
1,600585,42.29,1,11
1,600586,3.00,1,11
1,600587,16.89,1,11
1,600588,34.55,1,11
1,600589,5.59,1,11
1,600590,6.61,1,11
1,600592,17.89,1,11
1,600593,38.74,1,11
1,600594,5.24,1,11
1,600595,1.46,1,11
1,600596,10.40,1,11
1,600597,11.11,1,11
1,600598,10.38,1,11
1,600599,14.23,1,11
1,600602,8.47,1,11
1,600604,10.31,1,11
1,600605,11.25,1,11
1,600606,7.15,1,11
1,600608,4.47,1,11
1,600609,4.11,1,11
1,600610,100.00,1,11
1,600611,4.26,1,11
1,600612,52.30,1,11
1,600613,7.43,1,11
1,600614,1.24,1,11
1,600615,6.88,1,11
1,600616,5.52,1,11
1,600617,5.24,1,11
1,600618,7.95,1,11
1,600619,8.83,1,11
1,600620,7.38,1,11
1,600621,14.45,1,11
1,600622,4.38,1,11
1,600623,7.63,1,11
1,600624,9.98,1,11
1,600626,7.07,1,11
1,600628,7.72,1,11
1,600629,9.36,1,11
1,600630,7.35,1,11
1,600633,9.15,1,11
1,600634,1.82,1,11
1,600635,5.32,1,11
1,600636,10.46,1,11
1,600637,10.09,1,11
1,600638,7.42,1,11
1,600639,14.18,1,11
1,600640,16.18,1,11
1,600641,12.28,1,11
1,600642,5.83,1,11
1,600643,9.49,1,11
1,600644,6.07,1,11
1,600645,20.08,1,11
1,600647,20.73,1,11
1,600648,18.65,1,11
1,600649,5.87,1,11
1,600650,10.85,1,11
1,600651,4.09,1,11
1,600652,2.05,1,11
1,600653,2.25,1,11
1,600654,1.48,1,11
1,600655,8.72,1,11
1,600657,4.09,1,11
1,600658,4.60,1,11
1,600660,22.51,1,11
1,600661,19.44,1,11
1,600662,4.91,1,11
1,600663,14.42,1,11
1,600664,4.17,1,11
1,600665,3.61,1,11
1,600666,1.91,1,11
1,600667,8.08,1,11
1,600668,14.14,1,11
1,600671,15.18,1,11
1,600673,7.93,1,11
1,600674,9.64,1,11
1,600675,4.69,1,11
1,600676,4.58,1,11
1,600677,14.80,1,11
1,600678,5.17,1,11
1,600679,12.83,1,11
1,600680,7.69,1,11
1,600681,7.40,1,11
1,600682,12.04,1,11
1,600683,4.27,1,11
1,600684,3.82,1,11
1,600685,19.37,1,11
1,600686,7.74,1,11
1,600687,2.04,1,11
1,600688,4.32,1,11
1,600689,10.49,1,11
1,600690,15.85,1,11
1,600691,2.51,1,11
1,600692,7.11,1,11
1,600693,5.23,1,11
1,600694,27.15,1,11
1,600695,6.21,1,11
1,600696,11.82,1,11
1,600697,18.16,1,11
1,600698,2.85,1,11
1,600699,17.01,1,11
1,600701,2.33,1,11
1,600702,27.63,1,11
1,600703,13.27,1,11
1,600704,5.68,1,11
1,600705,5.07,1,11
1,600706,9.37,1,11
1,600707,5.17,1,11
1,600708,3.83,1,11
1,600710,6.17,1,11
1,600711,5.67,1,11
1,600712,4.35,1,11
1,600713,4.47,1,11
1,600714,6.16,1,11
1,600715,3.57,1,11
1,600716,4.09,1,11
1,600717,6.36,1,11
1,600718,12.30,1,11
1,600719,5.44,1,11
1,600720,9.37,1,11
1,600721,5.80,1,11
1,600722,5.55,1,11
1,600723,6.38,1,11
1,600724,3.50,1,11
1,600725,2.97,1,11
1,600726,1.74,1,11
1,600727,7.07,1,11
1,600728,10.20,1,11
1,600729,27.74,1,11
1,600730,5.47,1,11
1,600731,6.80,1,11
1,600732,8.76,1,11
1,600733,7.37,1,11
1,600734,9.50,1,11
1,600735,6.01,1,11
1,600736,6.48,1,11
1,600737,9.28,1,11
1,600738,6.24,1,11
1,600739,14.55,1,11
1,600740,8.12,1,11
1,600741,24.86,1,11
1,600742,12.37,1,11
1,600743,2.48,1,11
1,600744,2.84,1,11
1,600745,71.40,1,11
1,600746,6.74,1,11
1,600747,0.83,1,11
1,600748,7.03,1,11
1,600749,11.37,1,11
1,600750,13.16,1,11
1,600751,3.23,1,11
1,600753,17.69,1,11
1,600754,24.55,1,11
1,600755,7.86,1,11
1,600756,23.88,1,11
1,600757,6.64,1,11
1,600758,5.58,1,11
1,600759,3.30,1,11
1,600760,36.02,1,11
1,600761,9.77,1,11
1,600763,93.50,1,11
1,600764,33.41,1,11
1,600765,11.12,1,11
1,600766,9.53,1,11
1,600767,5.43,1,11
1,600768,11.46,1,11
1,600769,6.65,1,11
1,600770,5.92,1,11
1,600771,17.85,1,11
1,600773,6.08,1,11
1,600774,12.05,1,11
1,600775,12.64,1,11
1,600776,23.05,1,11
1,600777,2.13,1,11
1,600778,5.11,1,11
1,600779,46.25,1,11
1,600780,3.54,1,11
1,600781,5.73,1,11
1,600782,4.71,1,11
1,600783,14.88,1,11
1,600784,5.28,1,11
1,600785,15.49,1,11
1,600787,5.45,1,11
1,600789,6.82,1,11
1,600790,3.66,1,11
1,600791,3.93,1,11
1,600792,3.56,1,11
1,600793,18.56,1,11
1,600794,4.32,1,11
1,600795,2.50,1,11
1,600796,5.50,1,11
1,600797,9.11,1,11
1,600798,3.76,1,11
1,600800,5.92,1,11
1,600801,19.96,1,11
1,600802,7.76,1,11
1,600803,10.32,1,11
1,600804,7.49,1,11
1,600805,5.57,1,11
1,600806,1.47,1,11
1,600807,4.48,1,11
1,600808,2.77,1,11
1,600809,72.13,1,11
1,600810,8.31,1,11
1,600811,3.56,1,11
1,600812,8.31,1,11
1,600814,5.18,1,11
1,600815,3.05,1,11
1,600816,5.30,1,11
1,600817,7.46,1,11
1,600818,11.75,1,11
1,600819,4.62,1,11
1,600820,6.16,1,11
1,600821,5.69,1,11
1,600822,11.62,1,11
1,600823,4.25,1,11
1,600824,3.63,1,11
1,600825,4.80,1,11
1,600826,11.69,1,11
1,600827,9.17,1,11
1,600828,4.94,1,11
1,600829,7.54,1,11
1,600830,6.39,1,11
1,600831,10.18,1,11
1,600833,10.06,1,11
1,600834,7.19,1,11
1,600835,17.99,1,11
1,600836,4.12,1,11
1,600837,15.67,1,11
1,600838,6.72,1,11
1,600839,2.94,1,11
1,600841,7.64,1,11
1,600843,8.06,1,11
1,600844,4.32,1,11
1,600845,36.16,1,11
1,600846,8.61,1,11
1,600847,11.80,1,11
1,600848,27.41,1,11
1,601607,19.08,1,11
1,600850,28.50,1,11
1,600851,6.88,1,11
1,600853,3.38,1,11
1,600854,3.87,1,11
1,600855,14.87,1,11
1,600856,2.60,1,11
1,600857,9.30,1,11
1,600858,4.99,1,11
1,600859,15.18,1,11
1,600860,6.46,1,11
1,600861,9.59,1,11
1,600862,11.27,1,11
1,600863,3.25,1,11
1,600864,7.48,1,11
1,600865,6.04,1,11
1,600866,4.93,1,11
1,600867,18.95,1,11
1,600868,3.62,1,11
1,600869,4.89,1,11
1,600870,3.61,1,11
1,600871,2.39,1,11
1,600872,39.70,1,11
1,600873,4.55,1,11
1,600874,7.63,1,11
1,600875,10.15,1,11
1,600876,10.82,1,11
1,600877,6.29,1,11
1,600879,6.66,1,11
1,600880,3.82,1,11
1,600881,3.17,1,11
1,600882,15.27,1,11
1,600883,7.11,1,11
1,600884,11.50,1,11
1,600885,25.45,1,11
1,600886,9.30,1,11
1,600887,29.73,1,11
1,600888,4.98,1,11
1,600889,4.97,1,11
1,600890,5.20,1,11
1,600891,1.51,1,11
1,600892,5.30,1,11
1,600893,24.45,1,11
1,600894,8.35,1,11
1,600895,16.73,1,11
1,600896,4.20,1,11
1,600897,21.84,1,11
1,600898,7.90,1,11
1,600900,18.65,1,11
1,600960,3.66,1,11
1,600963,4.64,1,11
1,600966,4.06,1,11
1,600967,11.60,1,11
1,600969,6.90,1,11
1,600975,10.90,1,11
1,600976,17.91,1,11
1,600980,17.26,1,11
1,600985,10.60,1,11
1,600986,4.08,1,11
1,600988,5.54,1,11
1,600990,56.40,1,11
1,600992,7.55,1,11
1,600993,17.74,1,11
1,600995,7.70,1,11
1,600997,5.84,1,11
2,002017,17.29,1,11
2,002002,5.01,1,11
2,002003,6.29,1,11
2,002004,4.99,1,11
2,002005,1.43,1,11
2,002006,4.77,1,11
2,002007,33.24,1,11
2,002008,33.33,1,11
2,002009,8.51,1,11
2,002010,8.33,1,11
2,002011,5.15,1,11
2,002012,5.25,1,11
2,002013,7.03,1,11
2,002014,7.21,1,11
2,002015,5.70,1,11
2,002016,8.37,1,11
2,002018,0.61,1,11
2,002019,13.62,1,11
2,002020,13.58,1,11
2,002021,1.72,1,11
2,002022,10.04,1,11
2,002023,12.59,1,11
2,002024,10.93,1,11
2,002025,28.40,1,11
2,002026,5.51,1,11
2,002027,5.66,1,11
2,002028,11.48,1,11
2,002029,6.05,1,11
2,002030,10.96,1,11
2,002031,2.13,1,11
2,002032,70.34,1,11
2,002033,6.02,1,11
2,002034,16.71,1,11
2,002035,10.92,1,11
2,002036,14.02,1,11
2,002037,7.57,1,11
2,002038,14.27,1,11
1,600022,1.54,1,11
1,600143,7.04,1,11
1,600482,24.35,1,11
1,600961,9.70,1,11
1,600962,8.66,1,11
1,600965,9.07,1,11
1,600971,6.04,1,11
1,600973,3.91,1,11
1,600978,3.52,1,11
1,600979,4.18,1,11
1,600981,3.93,1,11
1,600982,3.19,1,11
1,600983,5.32,1,11
1,600984,8.60,1,11
1,600987,6.45,1,11
1,600027,3.95,1,11
2,002039,14.46,1,11
2,002040,7.80,1,11
1,600970,6.31,1,11
2,002041,10.07,1,11
2,002042,7.27,1,11
2,002043,5.50,1,11
2,002044,12.37,1,11
2,002045,6.76,1,11
2,002046,8.17,1,11
2,002047,5.43,1,11
2,002048,14.65,1,11
2,002049,57.38,1,11
2,002050,13.01,1,11
2,300150,4.23,1,11
2,002051,10.53,1,11
2,002052,5.06,1,11
2,002053,7.40,1,11
1,601001,4.44,1,11
1,601988,3.66,1,11
2,002054,8.45,1,11
2,002055,11.20,1,11
2,002056,7.18,1,11
1,600048,13.95,1,11
2,002057,12.10,1,11
2,002058,14.05,1,11
2,002059,5.84,1,11
1,601006,7.78,1,11
2,002060,3.07,1,11
2,002061,5.55,1,11
2,002062,3.65,1,11
2,002063,10.75,1,11
2,002064,5.16,1,11
2,002065,7.42,1,11
2,002066,8.22,1,11
1,601111,8.40,1,11
2,002067,3.33,1,11
2,002068,5.27,1,11
2,300016,9.61,1,11
2,300271,22.15,1,11
1,601699,7.72,1,11
2,002069,3.22,1,11
2,002279,6.94,1,11
2,002070,0.71,1,11
2,002071,3.68,1,11
2,002072,4.55,1,11
1,601588,3.47,1,11
2,002073,6.63,1,11
1,600017,3.06,1,11
2,002074,13.92,1,11
2,002075,8.01,1,11
2,002076,2.80,1,11
1,601398,5.55,1,11
2,002079,7.47,1,11
2,002078,8.33,1,11
2,002077,6.33,1,11
1,600018,6.04,1,11
2,002080,10.99,1,11
2,002081,9.94,1,11
2,002082,9.71,1,11
1,601666,4.03,1,11
2,002083,5.79,1,11
2,002084,5.20,1,11
2,002085,7.31,1,11
2,002086,3.77,1,11
2,002087,3.63,1,11
2,002088,12.16,1,11
2,002089,2.22,1,11
1,601872,4.67,1,11
2,002090,11.80,1,11
2,002091,5.78,1,11
2,002092,7.26,1,11
1,601991,2.78,1,11
2,002095,27.30,1,11
2,002094,5.28,1,11
2,002093,9.64,1,11
2,002102,2.25,1,11
2,002101,6.96,1,11
2,002099,7.55,1,11
2,002100,10.29,1,11
2,002097,6.08,1,11
2,002096,6.11,1,11
2,002098,6.61,1,11
2,002103,4.47,1,11
2,002105,5.10,1,11
1,601333,3.23,1,11
2,002104,7.53,1,11
2,002110,8.61,1,11
2,002108,3.72,1,11
2,002106,8.45,1,11
2,002109,3.81,1,11
1,601002,6.48,1,11
1,601628,29.28,1,11
2,002107,8.56,1,11
2,002111,15.31,1,11
2,002121,5.26,1,11
2,002112,7.33,1,11
2,002114,8.76,1,11
2,002115,8.98,1,11
2,002120,35.78,1,11
2,002113,1.85,1,11
2,002116,8.54,1,11
2,002117,10.90,1,11
1,601166,17.81,1,11
2,002118,7.13,1,11
2,002119,16.93,1,11
1,601003,5.57,1,11
2,002124,12.53,1,11
1,601005,1.93,1,11
1,601318,89.56,1,11
2,002123,17.83,1,11
1,601007,10.39,1,11
2,002125,5.58,1,11
2,300318,4.10,1,11
2,002122,2.10,1,11
2,002126,7.49,1,11
1,601008,4.42,1,11
2,002130,4.85,1,11
2,002129,12.28,1,11
2,002127,9.91,1,11
2,002131,1.84,1,11
2,002132,3.06,1,11
2,002134,13.45,1,11
2,002135,5.58,1,11
2,002136,8.62,1,11
2,002133,3.38,1,11
2,000338,12.30,1,11
2,002128,8.63,1,11
1,601998,5.82,1,11
2,002139,6.27,1,11
1,601328,5.64,1,11
1,601600,3.80,1,11
2,002137,6.95,1,11
2,002138,24.50,1,11
2,002170,3.44,1,11
2,002140,8.09,1,11
1,601919,4.91,1,11
1,601168,5.97,1,11
2,002144,10.20,1,11
2,002143,0.55,1,11
2,002141,3.72,1,11
2,002142,24.59,1,11
1,601009,8.34,1,11
2,002153,40.62,1,11
2,002146,8.56,1,11
2,002159,14.88,1,11
2,002148,5.79,1,11
2,002150,5.55,1,11
2,002152,7.25,1,11
2,002149,8.73,1,11
2,002147,2.13,1,11
2,002157,17.72,1,11
2,002155,9.63,1,11
2,002151,23.43,1,11
2,002156,10.09,1,11
2,002145,4.17,1,11
2,002158,8.53,1,11
2,002168,8.36,1,11
2,002160,3.31,1,11
2,002161,7.67,1,11
2,002254,10.81,1,11
2,002154,3.08,1,11
2,002164,4.37,1,11
2,002162,3.44,1,11
2,002163,5.07,1,11
2,002169,7.14,1,11
2,002167,7.18,1,11
2,002175,2.10,1,11
2,002171,6.78,1,11
2,002165,4.95,1,11
2,002192,18.07,1,11
2,002166,8.12,1,11
2,002172,3.77,1,11
2,002174,15.93,1,11
1,601169,5.52,1,11
2,002173,6.32,1,11
2,002176,4.36,1,11
2,002179,41.83,1,11
2,002177,6.04,1,11
2,002180,29.28,1,11
1,601939,7.14,1,11
2,002178,4.14,1,11
1,601808,12.60,1,11
2,300477,10.22,1,11
2,002183,4.63,1,11
2,002185,6.13,1,11
2,002182,9.30,1,11
2,002184,11.17,1,11
1,601088,19.53,1,11
2,002189,22.78,1,11
1,601857,6.32,1,11
2,002188,3.05,1,11
2,002187,8.38,1,11
2,002186,10.95,1,11
2,002196,5.76,1,11
2,002208,6.98,1,11
2,002193,8.98,1,11
2,002190,19.11,1,11
2,002191,11.52,1,11
2,002194,20.46,1,11
2,002195,3.80,1,11
2,300213,7.28,1,11
2,002200,5.95,1,11
2,002199,15.56,1,11
2,002198,6.76,1,11
1,601390,6.31,1,11
1,601918,3.05,1,11
2,002197,8.77,1,11
2,002201,26.38,1,11
2,002203,10.48,1,11
1,601999,6.02,1,11
2,002202,13.58,1,11
1,601866,2.70,1,11
2,002204,3.58,1,11
2,002205,20.43,1,11
1,601601,38.23,1,11
2,002207,6.49,1,11
2,002206,3.85,1,11
2,002209,7.13,1,11
2,002210,1.41,1,11
2,002211,7.79,1,11
2,002213,9.83,1,11
1,601099,3.75,1,11
2,002212,17.56,1,11
2,002216,9.52,1,11
1,601899,3.56,1,11
2,002215,6.71,1,11
2,002214,11.66,1,11
2,002226,5.57,1,11
2,002217,6.48,1,11
2,002218,3.22,1,11
2,002222,11.82,1,11
1,601898,5.14,1,11
2,002221,8.28,1,11
2,002220,1.39,1,11
2,002224,6.93,1,11
2,002219,2.94,1,11
1,601958,7.29,1,11
1,601186,9.92,1,11
2,002223,22.78,1,11
2,002225,4.45,1,11
2,002228,4.22,1,11
2,002227,11.75,1,11
2,002244,4.05,1,11
2,002230,34.42,1,11
2,002237,15.50,1,11
2,002235,8.18,1,11
2,002232,9.23,1,11
2,002231,7.75,1,11
2,002249,4.48,1,11
2,002229,7.00,1,11
2,002253,15.16,1,11
2,002234,35.81,1,11
2,002246,8.68,1,11
2,002233,10.06,1,11
2,002243,15.17,1,11
2,002236,17.63,1,11
2,002265,10.70,1,11
2,002252,8.98,1,11
2,002240,7.91,1,11
2,002247,3.25,1,11
2,002239,1.85,1,11
2,002238,8.77,1,11
2,002242,23.08,1,11
2,002245,3.86,1,11
2,002241,14.37,1,11
2,002248,8.48,1,11
2,002263,1.82,1,11
2,002274,7.94,1,11
2,002251,7.69,1,11
2,002256,2.97,1,11
2,002261,6.02,1,11
2,002255,4.27,1,11
2,002259,1.93,1,11
2,002262,13.25,1,11
2,002264,5.13,1,11
2,002260,3.15,1,11
2,002258,12.71,1,11
2,002250,13.15,1,11
1,601668,5.76,1,11
2,002267,7.25,1,11
2,002268,31.83,1,11
2,002271,21.59,1,11
2,002269,2.29,1,11
2,002270,5.62,1,11
2,002272,5.06,1,11
2,002266,4.84,1,11
2,002275,14.00,1,11
2,002273,13.06,1,11
2,002396,28.48,1,11
1,601107,3.81,1,11
1,601766,7.67,1,11
1,601788,12.31,1,11
2,002276,5.87,1,11
2,002282,9.39,1,11
2,002284,5.22,1,11
2,002283,3.87,1,11
2,002362,16.44,1,11
2,002277,3.34,1,11
1,601727,5.33,1,11
2,002278,6.27,1,11
2,002461,6.30,1,11
2,002280,3.67,1,11
2,002285,4.19,1,11
2,002281,31.34,1,11
2,002287,21.82,1,11
2,002286,6.10,1,11
2,002288,5.14,1,11
2,002289,7.30,1,11
2,300370,3.88,1,11
2,002290,5.05,1,11
2,002296,6.93,1,11
2,002295,7.86,1,11
2,002291,5.29,1,11
2,002300,7.15,1,11
2,002292,6.64,1,11
2,002293,9.33,1,11
2,002294,23.83,1,11
1,600999,17.88,1,11
2,002297,7.94,1,11
2,300002,3.97,1,11
2,002599,4.84,1,11
1,601126,6.07,1,11
1,601633,8.43,1,11
2,002467,6.23,1,11
2,002446,10.24,1,11
2,002448,5.42,1,11
2,002438,7.90,1,11
2,002490,4.28,1,11
2,002419,12.19,1,11
2,300445,14.65,1,11
2,300353,16.83,1,11
2,300444,6.78,1,11
2,002298,7.71,1,11
2,002506,6.31,1,11
1,601888,91.11,1,11
2,002299,27.67,1,11
2,002301,11.70,1,11
2,002489,3.50,1,11
1,601989,6.04,1,11
2,002304,104.53,1,11
2,002306,2.74,1,11
2,002365,8.90,1,11
2,002302,11.70,1,11
2,002307,6.20,1,11
2,002350,6.04,1,11
2,002315,18.83,1,11
2,002305,2.32,1,11
2,002303,5.14,1,11
2,002308,4.74,1,11
2,002756,14.49,1,11
2,002310,5.46,1,11
1,601139,6.21,1,11
2,002309,6.95,1,11
2,002311,33.75,1,11
2,002312,3.93,1,11
2,002523,3.60,1,11
1,601618,2.97,1,11
2,002313,20.88,1,11
2,002314,3.41,1,11
2,002316,8.60,1,11
2,002356,2.29,1,11
1,601117,5.94,1,11
2,002318,8.04,1,11
2,002327,6.90,1,11
2,002317,10.70,1,11
2,002319,10.93,1,11
2,002474,8.71,1,11
2,002321,6.43,1,11
2,300010,9.71,1,11
2,300001,17.26,1,11
2,002325,3.27,1,11
2,002331,11.29,1,11
2,300004,4.75,1,11
2,300008,3.63,1,11
2,300003,27.69,1,11
2,300006,4.92,1,11
2,300007,14.08,1,11
2,300014,43.55,1,11
2,300009,15.83,1,11
2,300011,6.38,1,11
2,300005,3.87,1,11
2,300013,9.09,1,11
1,601801,6.03,1,11
2,002328,3.87,1,11
2,300023,8.80,1,11
2,300012,12.50,1,11
2,300018,6.16,1,11
2,300071,2.94,1,11
2,300017,11.92,1,11
2,300015,33.96,1,11
2,300019,8.44,1,11
2,300020,9.39,1,11
2,300028,0.85,1,11
2,300022,4.17,1,11
2,300024,15.36,1,11
2,300021,5.48,1,11
2,300033,118.30,1,11
2,002320,8.57,1,11
1,601877,23.65,1,11
2,300027,4.66,1,11
2,300026,3.47,1,11
2,300025,6.66,1,11
2,002324,10.68,1,11
2,002322,14.04,1,11
2,002323,1.31,1,11
2,002326,9.23,1,11
2,002330,7.02,1,11
2,002329,4.49,1,11
2,002333,4.17,1,11
2,002332,8.15,1,11
2,002334,5.31,1,11
2,002336,5.52,1,11
2,002337,4.14,1,11
2,002335,19.21,1,11
2,002338,14.01,1,11
2,002340,4.78,1,11
2,002561,8.36,1,11
2,002339,6.33,1,11
2,002341,6.06,1,11
2,002344,4.49,1,11
2,300031,12.16,1,11
2,300139,10.83,1,11
2,002342,3.44,1,11
2,002538,5.25,1,11
2,002343,8.73,1,11
2,002345,4.52,1,11
2,002346,12.44,1,11
2,002347,4.77,1,11
2,002348,3.39,1,11
2,002381,8.25,1,11
2,300034,17.98,1,11
2,300032,3.17,1,11
2,002349,5.69,1,11
1,601678,6.06,1,11
2,002351,6.55,1,11
2,002352,38.70,1,11
2,002591,8.40,1,11
2,002355,7.00,1,11
2,002353,26.75,1,11
2,300029,7.51,1,11
2,002354,3.07,1,11
2,300035,5.71,1,11
2,300247,3.01,1,11
2,300036,17.78,1,11
2,300030,6.09,1,11
2,002359,2.28,1,11
2,002358,8.60,1,11
2,002549,5.93,1,11
2,300041,10.70,1,11
2,300038,10.17,1,11
2,300037,25.85,1,11
2,002357,6.39,1,11
2,002455,6.86,1,11
2,002370,10.24,1,11
2,002375,5.76,1,11
1,601688,20.66,1,11
2,002369,8.60,1,11
2,300040,6.03,1,11
1,601058,4.17,1,11
2,002360,5.43,1,11
2,002364,11.34,1,11
2,300039,4.68,1,11
2,002367,8.29,1,11
2,002366,9.29,1,11
1,601179,3.66,1,11
2,002361,4.57,1,11
2,002368,34.80,1,11
2,002374,3.02,1,11
2,300042,14.72,1,11
2,300045,9.49,1,11
2,300049,8.29,1,11
2,300047,9.13,1,11
2,002371,68.58,1,11
2,300048,2.74,1,11
2,002373,18.83,1,11
2,002380,16.09,1,11
2,002566,6.70,1,11
2,002372,15.66,1,11
2,002376,13.05,1,11
2,002397,5.26,1,11
1,601106,3.17,1,11
2,002378,6.36,1,11
2,300050,5.96,1,11
2,300044,7.92,1,11
2,300046,18.27,1,11
2,300043,5.26,1,11
1,603199,25.75,1,11
2,002383,11.02,1,11
2,002363,5.81,1,11
2,002379,4.38,1,11
2,002382,14.26,1,11
2,002421,4.04,1,11
2,300277,7.41,1,11
2,300051,6.60,1,11
2,002392,3.62,1,11
2,002630,2.80,1,11
2,002385,5.52,1,11
2,002384,22.29,1,11
2,002386,6.07,1,11
2,002377,4.15,1,11
2,300052,10.53,1,11
2,300054,10.47,1,11
2,300264,5.53,1,11
2,002394,9.89,1,11
2,002393,25.50,1,11
1,601158,5.76,1,11
2,002388,8.36,1,11
2,300053,12.04,1,11
2,300057,5.31,1,11
2,300055,6.59,1,11
2,300056,6.07,1,11
2,300058,6.49,1,11
2,002407,14.16,1,11
2,002387,16.61,1,11
2,002395,23.60,1,11
2,002389,11.49,1,11
2,002398,5.83,1,11
2,002390,5.51,1,11
2,002391,8.62,1,11
1,601101,5.77,1,11
2,002399,21.63,1,11
2,002410,37.30,1,11
2,002408,7.31,1,11
2,002401,12.71,1,11
2,002400,3.06,1,11
2,002404,5.65,1,11
2,002406,5.76,1,11
2,300059,16.42,1,11
2,002808,10.30,1,11
2,002405,17.14,1,11
2,002403,8.37,1,11
2,002402,14.42,1,11
2,002409,19.66,1,11
2,002412,11.43,1,11
1,601010,3.25,1,11
2,002411,17.10,1,11
2,300061,9.31,1,11
2,002416,5.84,1,11
2,002415,34.00,1,11
2,002414,23.00,1,11
2,002413,6.57,1,11
2,300098,7.87,1,11
2,300062,5.78,1,11
2,300087,8.15,1,11
2,300066,4.96,1,11
2,002433,4.77,1,11
2,002417,10.38,1,11
2,002425,6.27,1,11
2,300063,3.18,1,11
2,300065,14.16,1,11
2,300064,3.87,1,11
2,300068,12.16,1,11
2,002418,3.28,1,11
2,002420,3.32,1,11
1,601369,6.60,1,11
2,002422,28.53,1,11
2,002423,9.62,1,11
2,002428,9.31,1,11
2,002442,5.53,1,11
2,002424,9.44,1,11
2,002426,2.94,1,11
2,002427,12.03,1,11
2,002431,3.40,1,11
2,002456,10.73,1,11
1,601188,3.19,1,11
1,601518,2.74,1,11
2,002644,6.96,1,11
2,002430,14.40,1,11
2,002447,3.44,1,11
2,002459,12.19,1,11
2,300073,27.25,1,11
2,300070,7.30,1,11
2,002432,5.66,1,11
2,002429,3.03,1,11
2,002434,7.26,1,11
2,002436,7.80,1,11
2,300076,5.79,1,11
2,300072,7.26,1,11
2,300105,5.01,1,11
2,300069,14.10,1,11
2,300067,4.31,1,11
2,002435,4.22,1,11
2,002440,12.65,1,11
2,002437,3.72,1,11
2,002443,7.11,1,11
2,002622,3.99,1,11
2,300080,6.02,1,11
2,300075,12.68,1,11
2,002613,2.83,1,11
2,300078,12.58,1,11
2,300074,4.80,1,11
2,300079,5.61,1,11
2,300083,3.19,1,11
2,002439,34.48,1,11
1,603002,4.15,1,11
1,601012,27.62,1,11
2,300077,6.93,1,11
2,300082,6.06,1,11
2,002469,4.18,1,11
2,002441,7.44,1,11
2,300235,11.13,1,11
2,300084,5.16,1,11
2,002444,11.16,1,11
2,002492,4.82,1,11
2,002466,24.79,1,11
2,002445,1.53,1,11
2,300238,24.41,1,11
2,300086,5.36,1,11
2,300101,10.09,1,11
1,601118,4.80,1,11
2,002449,11.99,1,11
2,300091,4.36,1,11
2,300081,10.31,1,11
2,002450,3.52,1,11
2,002458,25.48,1,11
2,002451,10.45,1,11
2,300272,5.23,1,11
2,300088,7.91,1,11
2,300090,1.81,1,11
2,300096,9.02,1,11
2,002457,8.21,1,11
2,002529,6.72,1,11
1,601000,2.61,1,11
2,002452,4.30,1,11
2,002454,5.06,1,11
2,002453,6.56,1,11
2,002460,22.32,1,11
2,300085,18.21,1,11
1,601717,6.89,1,11
2,300179,5.36,1,11
2,300097,10.56,1,11
2,002463,27.12,1,11
2,002462,16.86,1,11
2,300099,7.97,1,11
2,300093,12.54,1,11
2,002464,7.80,1,11
1,601718,4.05,1,11
2,300253,15.77,1,11
2,300094,4.49,1,11
2,300089,3.84,1,11
2,300124,23.98,1,11
2,300152,4.06,1,11
2,300321,15.37,1,11
2,300095,6.47,1,11
2,300245,10.78,1,11
2,300092,7.42,1,11
2,300100,6.89,1,11
2,002496,2.90,1,11
2,300103,10.31,1,11
2,300102,5.28,1,11
2,002465,10.44,1,11
1,601018,3.96,1,11
2,002484,7.12,1,11
2,300126,5.62,1,11
1,601288,3.52,1,11
2,002468,23.95,1,11
2,300104,1.86,1,11
2,300110,4.66,1,11
2,300173,4.76,1,11
2,002476,5.72,1,11
2,002470,3.56,1,11
2,300107,8.48,1,11
2,300305,9.12,1,11
1,601177,11.45,1,11
1,603003,9.12,1,11
1,601377,6.79,1,11
2,300106,7.18,1,11
2,300113,19.27,1,11
2,300114,13.04,1,11
2,300112,8.82,1,11
2,300133,7.31,1,11
2,300129,4.51,1,11
2,300118,13.02,1,11
2,300116,1.51,1,11
2,300109,17.13,1,11
2,300111,2.65,1,11
2,300117,4.10,1,11
2,002478,6.11,1,11
2,002471,2.82,1,11
2,300156,2.46,1,11
2,300115,14.69,1,11
2,300108,4.68,1,11
2,002473,8.31,1,11
2,002527,5.30,1,11
2,002530,10.05,1,11
2,002614,12.68,1,11
2,002472,5.35,1,11
2,002569,9.85,1,11
2,002595,19.45,1,11
2,002475,24.37,1,11
1,601098,13.07,1,11
2,300120,6.54,1,11
2,300128,4.17,1,11
2,002479,7.76,1,11
2,002477,0.20,1,11
2,002480,4.35,1,11
2,002481,8.80,1,11
2,300121,7.55,1,11
2,300119,15.19,1,11
1,601818,3.95,1,11
2,300125,16.73,1,11
2,002486,4.68,1,11
2,002485,7.04,1,11
2,002482,5.12,1,11
2,002500,8.26,1,11
2,002521,5.65,1,11
2,300123,8.41,1,11
2,300122,50.80,1,11
2,002488,7.80,1,11
2,002487,4.65,1,11
2,002495,3.08,1,11
2,002615,6.02,1,11
2,300127,21.79,1,11
1,600998,13.63,1,11
2,002518,9.20,1,11
2,002493,11.35,1,11
2,002491,7.50,1,11
1,601028,4.68,1,11
2,002483,4.45,1,11
2,300134,20.48,1,11
2,300130,19.00,1,11
2,300135,2.83,1,11
2,300329,7.46,1,11
2,002497,6.59,1,11
2,002494,5.22,1,11
1,601996,3.08,1,11
2,300401,13.46,1,11
2,300131,6.08,1,11
2,002498,2.98,1,11
2,300137,7.99,1,11
2,300132,10.86,1,11
2,002643,13.10,1,11
2,002805,12.27,1,11
2,300138,7.20,1,11
2,300136,34.36,1,11
2,002889,25.33,1,11
2,300142,27.98,1,11
2,002499,4.05,1,11
2,002501,1.22,1,11
2,002502,3.22,1,11
2,300141,6.81,1,11
2,300140,10.63,1,11
2,002511,13.64,1,11
2,002510,3.91,1,11
2,002505,1.97,1,11
2,002504,3.15,1,11
2,002554,3.31,1,11
2,002508,27.45,1,11
2,002738,17.15,1,11
2,300154,6.12,1,11
2,300331,26.55,1,11
2,002509,1.77,1,11
2,002503,2.45,1,11
2,300144,26.21,1,11
2,300143,8.64,1,11
2,300325,4.52,1,11
2,002514,5.99,1,11
2,002507,23.62,1,11
2,002513,5.54,1,11
1,601777,4.08,1,11
1,601880,2.07,1,11
2,002515,5.25,1,11
2,300145,3.80,1,11
2,300148,4.54,1,11
2,002520,7.28,1,11
2,002512,5.15,1,11
2,300168,13.36,1,11
2,300158,5.31,1,11
2,002516,2.88,1,11
2,002517,3.12,1,11
1,603167,9.33,1,11
2,002519,4.37,1,11
1,601558,1.17,1,11
2,300157,4.84,1,11
2,002522,5.89,1,11
2,300146,19.75,1,11
2,300149,14.31,1,11
2,002743,6.47,1,11
2,002547,10.59,1,11
2,300155,5.22,1,11
2,300151,9.20,1,11
2,002606,5.95,1,11
2,002524,6.71,1,11
2,002528,4.59,1,11
2,300147,6.63,1,11
2,300153,7.01,1,11
2,002526,2.41,1,11
2,002532,6.56,1,11
2,002534,6.72,1,11
2,002531,7.45,1,11
2,300169,5.42,1,11
2,300162,7.79,1,11
2,300161,16.46,1,11
2,002540,4.32,1,11
2,002702,4.84,1,11
2,002567,11.79,1,11
1,601933,9.30,1,11
2,300191,24.69,1,11
2,300159,4.87,1,11
2,300165,5.83,1,11
2,300223,57.30,1,11
2,002535,3.45,1,11
2,002609,10.13,1,11
2,300164,5.38,1,11
2,300163,3.92,1,11
2,300160,3.66,1,11
2,002536,5.34,1,11
2,002557,25.33,1,11
2,002539,4.81,1,11
1,601890,6.54,1,11
2,002533,5.06,1,11
2,300170,14.11,1,11
2,300174,20.00,1,11
2,300166,13.86,1,11
2,300167,6.62,1,11
2,002537,8.43,1,11
2,300172,5.51,1,11
2,300171,8.11,1,11
2,300194,6.21,1,11
2,300175,5.67,1,11
2,300180,10.30,1,11
2,002545,6.64,1,11
2,002550,5.09,1,11
2,002544,14.01,1,11
2,002541,7.67,1,11
1,601116,14.76,1,11
2,002570,5.82,1,11
2,002551,5.07,1,11
2,300177,9.03,1,11
2,300178,6.52,1,11
2,300176,11.96,1,11
2,002542,4.05,1,11
2,300181,5.58,1,11
1,601700,6.26,1,11
1,601137,11.50,1,11
2,300216,2.00,1,11
2,300193,9.15,1,11
2,300183,15.30,1,11
2,300197,3.39,1,11
2,002543,9.70,1,11
1,601519,9.42,1,11
2,002552,9.52,1,11
2,002546,4.50,1,11
1,601799,69.92,1,11
2,300184,8.28,1,11
2,300182,3.95,1,11
2,002769,9.41,1,11
1,601616,3.47,1,11
2,300340,15.43,1,11
2,300203,19.44,1,11
2,002558,18.33,1,11
2,002555,17.77,1,11
2,002548,11.52,1,11
2,300229,13.90,1,11
2,002706,7.61,1,11
2,002559,5.76,1,11
1,601216,3.23,1,11
1,601789,3.90,1,11
2,002553,5.77,1,11
2,300205,12.87,1,11
2,300220,39.09,1,11
2,300198,4.37,1,11
2,300188,18.87,1,11
2,300195,8.11,1,11
2,300196,9.35,1,11
2,300187,5.11,1,11
2,300345,8.06,1,11
2,300185,1.91,1,11
2,002556,5.83,1,11
2,300190,8.31,1,11
1,601011,5.59,1,11
2,002560,6.60,1,11
1,601258,1.12,1,11
2,002565,8.20,1,11
2,002577,10.42,1,11
2,300375,3.65,1,11
2,300211,7.57,1,11
2,300192,10.48,1,11
2,300189,3.55,1,11
1,601992,3.53,1,11
2,002563,11.61,1,11
1,601199,3.91,1,11
2,300204,12.49,1,11
2,300214,7.78,1,11
2,300199,8.43,1,11
2,300200,9.76,1,11
2,002562,5.25,1,11
2,002564,5.29,1,11
2,002571,5.25,1,11
2,002568,18.74,1,11
2,300201,5.12,1,11
2,300366,12.03,1,11
1,603328,13.23,1,11
2,002579,12.61,1,11
2,002581,7.54,1,11
1,601218,2.96,1,11
2,002572,18.93,1,11
2,002573,7.23,1,11
2,002574,5.83,1,11
2,002576,10.85,1,11
1,603006,11.87,1,11
2,002575,7.22,1,11
2,300282,12.57,1,11
2,300202,8.47,1,11
2,300206,7.60,1,11
2,300210,4.40,1,11
2,300208,8.75,1,11
2,300209,13.94,1,11
2,002580,5.63,1,11
1,601566,11.63,1,11
1,601113,5.85,1,11
2,002578,3.38,1,11
2,300207,13.61,1,11
2,300212,27.96,1,11
1,601233,13.65,1,11
1,601208,4.97,1,11
2,300402,10.69,1,11
2,300218,7.62,1,11
2,002584,5.13,1,11
2,002582,8.87,1,11
1,601222,4.63,1,11
2,300225,5.52,1,11
2,300215,7.35,1,11
2,300257,10.10,1,11
2,300219,6.01,1,11
2,300222,12.13,1,11
2,300217,2.79,1,11
2,300221,5.92,1,11
2,002583,10.76,1,11
1,601599,3.02,1,11
2,002590,7.50,1,11
2,300231,7.97,1,11
2,002592,16.85,1,11
2,300227,12.26,1,11
2,300224,8.45,1,11
2,300228,5.71,1,11
2,300249,6.83,1,11
2,300226,80.07,1,11
2,300240,6.72,1,11
2,300381,10.02,1,11
2,002585,4.87,1,11
1,601311,10.25,1,11
2,002586,3.78,1,11
2,300230,4.12,1,11
2,300232,9.96,1,11
2,300234,11.75,1,11
1,601798,6.50,1,11
2,002589,8.51,1,11
2,002587,6.88,1,11
2,300233,21.95,1,11
2,300236,38.73,1,11
2,300237,3.36,1,11
2,002778,17.86,1,11
2,002588,4.26,1,11
1,601567,6.63,1,11
2,002783,13.81,1,11
2,002605,12.22,1,11
2,002594,51.11,1,11
2,002604,4.00,1,11
2,300239,4.71,1,11
2,002593,3.79,1,11
2,002596,6.61,1,11
2,002734,17.00,1,11
2,002626,14.57,1,11
2,002600,9.62,1,11
2,002601,13.86,1,11
2,002597,20.90,1,11
2,002598,6.77,1,11
2,300242,4.03,1,11
2,300258,10.97,1,11
2,300241,7.03,1,11
1,601901,7.20,1,11
2,002607,15.97,1,11
2,002602,9.50,1,11
2,300243,8.22,1,11
2,300244,22.84,1,11
2,002603,11.37,1,11
2,300248,8.30,1,11
2,300250,14.65,1,11
2,300246,12.95,1,11
2,002620,6.26,1,11
1,603456,12.78,1,11
2,300251,8.51,1,11
2,002627,7.16,1,11
2,002608,8.70,1,11
2,300254,8.41,1,11
2,300256,4.15,1,11
2,300255,6.53,1,11
1,601636,3.62,1,11
2,300260,12.88,1,11
2,300252,11.73,1,11
2,002830,17.34,1,11
2,002717,4.90,1,11
2,002618,14.47,1,11
1,603197,20.35,1,11
2,300265,8.52,1,11
2,300267,5.82,1,11
2,300259,3.70,1,11
2,300303,3.84,1,11
2,002629,1.86,1,11
2,002610,1.74,1,11
2,300284,9.41,1,11
1,601908,3.31,1,11
1,601886,7.72,1,11
2,300269,4.81,1,11
2,300273,5.37,1,11
2,300261,4.54,1,11
2,002611,4.45,1,11
1,603518,7.96,1,11
2,300268,15.27,1,11
2,300263,4.69,1,11
2,300294,30.67,1,11
2,002616,7.21,1,11
2,300262,5.97,1,11
2,300270,10.97,1,11
1,601677,10.96,1,11
2,002612,8.72,1,11
2,002624,29.64,1,11
2,002621,12.96,1,11
2,002619,3.13,1,11
2,002745,11.09,1,11
2,002641,4.66,1,11
2,002617,6.21,1,11
2,300266,4.02,1,11
1,601669,4.90,1,11
2,300274,12.26,1,11
1,601100,36.44,1,11
2,300283,4.78,1,11
2,300275,10.12,1,11
2,002628,4.88,1,11
2,002625,9.57,1,11
1,603686,18.15,1,11
2,002623,14.46,1,11
1,601225,9.13,1,11
2,002637,7.74,1,11
2,002636,9.60,1,11
1,601555,10.51,1,11
2,300278,4.88,1,11
2,002634,7.03,1,11
2,002640,8.60,1,11
2,002631,8.21,1,11
2,002633,8.85,1,11
2,300276,9.92,1,11
2,300280,18.26,1,11
1,603001,9.88,1,11
1,601800,10.71,1,11
2,002635,14.99,1,11
2,300293,8.37,1,11
2,002632,6.31,1,11
2,002648,14.18,1,11
2,300279,5.91,1,11
2,002646,12.11,1,11
2,002639,10.14,1,11
2,002645,9.34,1,11
2,300285,23.90,1,11
2,300281,5.95,1,11
1,601928,8.76,1,11
2,002673,9.67,1,11
2,002638,3.11,1,11
2,002647,17.26,1,11
2,300286,10.81,1,11
2,300295,12.67,1,11
2,300288,12.89,1,11
2,002668,6.36,1,11
2,002642,5.66,1,11
2,002651,4.70,1,11
1,603599,14.86,1,11
2,300324,6.10,1,11
2,300350,7.21,1,11
2,300287,4.28,1,11
2,300290,6.73,1,11
1,601313,100.00,1,11
2,002649,9.43,1,11
2,002664,17.42,1,11
2,300298,13.38,1,11
2,002655,9.78,1,11
2,002656,4.44,1,11
1,601368,6.06,1,11
1,601336,51.68,1,11
2,002667,7.13,1,11
2,300289,5.85,1,11
2,300532,13.56,1,11
2,300483,41.40,1,11
2,002662,3.01,1,11
2,002688,6.11,1,11
2,300291,6.06,1,11
2,002652,4.09,1,11
1,603729,15.78,1,11
2,300297,6.29,1,11
2,002650,3.79,1,11
2,300292,6.34,1,11
2,002666,4.75,1,11
1,601929,2.34,1,11
2,300358,7.33,1,11
2,300310,6.33,1,11
2,300307,5.37,1,11
2,002654,4.33,1,11
2,002653,19.23,1,11
1,601339,4.04,1,11
2,300309,6.52,1,11
2,300301,4.39,1,11
2,300296,7.24,1,11
2,300304,3.73,1,11
2,300306,10.97,1,11
2,002672,10.44,1,11
2,002663,2.94,1,11
1,601388,2.00,1,11
1,601515,7.91,1,11
2,300326,12.49,1,11
1,601231,14.70,1,11
2,002657,18.72,1,11
2,300300,10.34,1,11
2,002660,8.09,1,11
2,002669,14.36,1,11
2,002658,7.47,1,11
2,002674,11.97,1,11
2,002661,12.89,1,11
2,002659,7.50,1,11
2,300320,4.63,1,11
2,300313,5.91,1,11
2,300314,8.89,1,11
2,002670,12.57,1,11
1,603123,6.07,1,11
2,300327,28.62,1,11
1,601965,7.57,1,11
1,603333,9.25,1,11
2,002675,13.21,1,11
2,300311,7.63,1,11
2,002799,14.69,1,11
2,002677,13.89,1,11
2,002676,3.34,1,11
1,603861,9.23,1,11
2,300302,10.53,1,11
2,300308,45.62,1,11
2,300330,10.69,1,11
1,601038,7.40,1,11
2,300317,5.01,1,11
2,300312,6.60,1,11
2,300315,3.68,1,11
2,300299,5.89,1,11
1,603000,24.29,1,11
1,603128,7.45,1,11
2,002671,4.44,1,11
2,002665,3.64,1,11
2,002696,6.06,1,11
2,002699,5.95,1,11
2,002685,5.17,1,11
2,002682,4.59,1,11
1,603077,1.65,1,11
1,603168,8.50,1,11
2,002692,3.96,1,11
2,300316,13.90,1,11
2,300319,7.68,1,11
1,603366,4.39,1,11
2,002690,31.40,1,11
2,002678,7.44,1,11
2,002691,6.67,1,11
2,002851,22.40,1,11
2,300342,9.82,1,11
2,300322,20.85,1,11
2,300339,17.21,1,11
2,300400,14.62,1,11
2,300333,10.72,1,11
2,002679,17.19,1,11
2,002689,4.52,1,11
2,300336,4.12,1,11
1,603008,11.72,1,11
2,300334,7.38,1,11
2,300397,26.99,1,11
2,300348,18.86,1,11
2,300338,12.58,1,11
2,002701,5.02,1,11
1,603399,11.38,1,11
2,300337,3.74,1,11
2,002711,0.98,1,11
2,002687,5.90,1,11
2,002694,3.67,1,11
2,002680,1.51,1,11
2,300332,4.48,1,11
2,300328,15.33,1,11
2,300349,16.21,1,11
2,300344,4.37,1,11
2,002698,10.28,1,11
2,300323,6.06,1,11
2,300335,6.11,1,11
2,002752,5.98,1,11
1,603766,3.87,1,11
2,300347,58.60,1,11
2,300341,5.43,1,11
2,002681,4.59,1,11
2,002686,6.48,1,11
2,002683,15.01,1,11
2,300346,13.90,1,11
2,300362,3.62,1,11
2,300343,3.44,1,11
2,002684,3.04,1,11
2,002693,4.63,1,11
1,603126,5.41,1,11
2,300383,20.80,1,11
1,603993,3.77,1,11
1,603288,109.80,1,11
2,300371,13.56,1,11
2,300389,11.92,1,11
2,002718,17.13,1,11
2,002715,16.64,1,11
2,002716,6.82,1,11
2,002713,8.89,1,11
2,002723,9.49,1,11
2,002792,28.01,1,11
2,002727,25.66,1,11
1,601608,4.25,1,11
1,601238,12.27,1,11
2,300352,6.85,1,11
2,002709,17.93,1,11
2,002725,12.30,1,11
1,603555,4.62,1,11
2,002746,17.21,1,11
2,002708,9.08,1,11
2,002695,13.98,1,11
2,300382,5.77,1,11
2,002714,69.80,1,11
2,002815,21.29,1,11
2,002703,5.72,1,11
2,002722,14.87,1,11
2,300356,6.86,1,11
1,603699,11.84,1,11
1,601016,2.58,1,11
1,603166,6.04,1,11
2,300507,10.05,1,11
2,300369,18.15,1,11
2,300354,13.59,1,11
2,300367,6.45,1,11
1,603308,12.89,1,11
2,300388,9.64,1,11
1,603777,12.90,1,11
1,603989,20.72,1,11
2,002719,11.41,1,11
1,603806,42.70,1,11
2,002700,7.62,1,11
1,603088,9.21,1,11
1,603566,21.02,1,11
1,603009,6.37,1,11
1,603688,15.64,1,11
2,002782,11.16,1,11
1,601969,5.66,1,11
2,300351,9.60,1,11
2,300355,3.69,1,11
2,002721,5.76,1,11
1,600917,6.83,1,11
2,300368,8.20,1,11
2,300396,17.76,1,11
2,300403,5.54,1,11
2,002697,7.16,1,11
2,300360,8.58,1,11
2,300357,35.19,1,11
2,002843,8.46,1,11
2,002707,5.70,1,11
2,300363,14.56,1,11
2,300373,17.38,1,11
1,601579,8.55,1,11
2,002748,7.91,1,11
2,002705,12.41,1,11
2,300546,27.70,1,11
2,300377,12.77,1,11
2,300391,6.48,1,11
2,002838,13.18,1,11
1,603023,4.67,1,11
1,603609,13.67,1,11
2,300385,13.30,1,11
2,300376,4.81,1,11
2,300419,6.59,1,11
2,002728,15.82,1,11
2,002724,6.51,1,11
2,002726,9.65,1,11
2,300380,21.57,1,11
1,603005,23.07,1,11
2,300365,14.39,1,11
2,300379,40.67,1,11
2,300359,6.07,1,11
2,300399,13.98,1,11
1,603100,9.02,1,11
2,002712,7.10,1,11
2,300386,13.29,1,11
2,300405,8.58,1,11
2,300387,10.24,1,11
2,300378,17.98,1,11
2,002773,34.82,1,11
2,300390,5.62,1,11
1,603099,9.67,1,11
1,603111,5.31,1,11
2,000333,53.40,1,11
1,600023,4.07,1,11
1,603069,6.46,1,11
1,603158,15.05,1,11
2,002801,34.80,1,11
1,603117,3.99,1,11
1,603979,8.70,1,11
2,300476,15.34,1,11
2,300527,14.30,1,11
1,603309,16.54,1,11
1,603997,8.30,1,11
1,601595,21.00,1,11
2,002798,18.77,1,11
2,002802,21.50,1,11
1,603389,7.18,1,11
2,300435,13.34,1,11
1,603611,16.60,1,11
2,300491,14.05,1,11
1,603843,5.55,1,11
2,300596,35.10,1,11
1,603010,12.45,1,11
1,603988,10.02,1,11
2,300521,11.01,1,11
2,300579,35.48,1,11
2,002796,43.17,1,11
1,603889,6.20,1,11
2,002800,22.70,1,11
2,300393,13.53,1,11
2,002739,16.24,1,11
2,300421,7.37,1,11
2,300438,18.20,1,11
2,300430,8.87,1,11
2,300475,18.38,1,11
2,002757,18.29,1,11
1,600909,6.88,1,11
1,603789,14.20,1,11
2,300411,8.12,1,11
2,300536,9.37,1,11
2,300505,22.41,1,11
2,300436,39.81,1,11
1,601211,19.19,1,11
1,603818,7.51,1,11
2,002779,16.76,1,11
1,603701,14.83,1,11
1,600958,11.21,1,11
1,601198,11.73,1,11
2,002770,2.71,1,11
1,603355,22.81,1,11
1,603788,14.02,1,11
1,603828,6.09,1,11
1,601689,11.90,1,11
2,002781,18.44,1,11
1,601226,4.38,1,11
1,603227,4.11,1,11
1,603030,6.28,1,11
1,603899,40.10,1,11
2,300501,12.58,1,11
1,603860,28.37,1,11
2,300437,11.43,1,11
2,300409,13.32,1,11
2,300467,17.23,1,11
2,300415,7.38,1,11
2,300530,29.19,1,11
2,300417,48.30,1,11
2,300452,15.93,1,11
2,002740,6.78,1,11
1,603369,28.56,1,11
1,603011,6.44,1,11
1,603698,13.25,1,11
1,601021,43.53,1,11
1,603726,11.21,1,11
1,603320,18.39,1,11
2,002768,25.58,1,11
1,603015,6.74,1,11
1,603606,12.27,1,11
1,603959,13.14,1,11
1,603696,9.87,1,11
2,002730,8.47,1,11
2,002761,9.81,1,11
2,002791,20.57,1,11
2,002732,23.03,1,11
1,603368,37.60,1,11
2,300463,24.39,1,11
2,300523,36.67,1,11
2,002742,6.61,1,11
2,300455,9.33,1,11
1,603318,27.00,1,11
2,300449,9.60,1,11
2,300443,17.40,1,11
2,300398,13.75,1,11
1,603116,7.35,1,11
1,603866,46.80,1,11
2,002786,7.51,1,11
1,603730,25.56,1,11
1,600959,4.45,1,11
2,002776,8.82,1,11
2,300384,23.15,1,11
1,603188,6.84,1,11
1,603383,88.82,1,11
2,300406,18.30,1,11
2,002771,14.04,1,11
2,300441,8.01,1,11
2,300511,8.26,1,11
2,300513,14.18,1,11
2,300448,7.30,1,11
2,002767,16.70,1,11
2,002818,12.62,1,11
1,603101,6.53,1,11
1,603528,7.62,1,11
1,603883,69.51,1,11
2,002735,16.00,1,11
1,603885,13.15,1,11
1,603909,19.79,1,11
2,002780,18.14,1,11
2,002741,12.04,1,11
1,603017,11.77,1,11
1,603798,11.31,1,11
2,300374,9.63,1,11
2,300418,13.37,1,11
2,300552,48.72,1,11
2,300429,13.91,1,11
2,300440,7.45,1,11
2,300407,7.82,1,11
2,300529,71.77,1,11
2,002729,39.98,1,11
1,603779,14.60,1,11
2,002733,24.20,1,11
2,002747,10.18,1,11
1,603998,8.64,1,11
1,603901,8.14,1,11
1,603918,11.75,1,11
1,603703,14.75,1,11
1,603567,12.47,1,11
1,603608,6.54,1,11
1,603031,16.03,1,11
1,603520,32.17,1,11
1,603999,5.98,1,11
2,002755,13.75,1,11
2,300466,6.49,1,11
2,300469,16.19,1,11
1,601882,8.30,1,11
1,601985,5.51,1,11
1,601069,16.98,1,11
2,002749,12.50,1,11
1,601015,3.65,1,11
2,002750,16.18,1,11
2,002737,15.44,1,11
1,603025,9.11,1,11
2,300492,44.99,1,11
2,300479,16.07,1,11
2,300495,13.37,1,11
2,300464,9.30,1,11
2,300424,20.58,1,11
2,300465,8.64,1,11
1,603969,4.32,1,11
1,601811,14.36,1,11
1,603667,8.29,1,11
1,603660,13.06,1,11
2,002775,6.20,1,11
2,002766,2.41,1,11
2,002763,8.41,1,11
1,601968,4.41,1,11
1,603868,37.11,1,11
1,603421,20.12,1,11
1,603515,29.02,1,11
1,603919,15.09,1,11
2,002762,5.51,1,11
1,603556,18.79,1,11
1,601500,6.68,1,11
1,603816,35.73,1,11
1,603569,10.82,1,11
2,300480,17.46,1,11
2,300486,13.70,1,11
2,300490,11.20,1,11
2,300494,12.25,1,11
2,300489,20.25,1,11
2,300478,14.08,1,11
2,300471,10.49,1,11
2,300472,13.37,1,11
1,603898,15.41,1,11
1,603612,11.48,1,11
1,600939,5.03,1,11
1,603558,8.95,1,11
1,603090,16.35,1,11
1,603160,195.00,1,11
1,603012,11.91,1,11
1,603021,7.66,1,11
1,603887,19.49,1,11
1,603663,14.71,1,11
1,603636,11.45,1,11
2,002788,8.70,1,11
1,603618,6.27,1,11
1,603986,150.72,1,11
1,603588,10.22,1,11
2,002760,18.20,1,11
2,002819,20.38,1,11
2,300526,51.42,1,11
2,300496,41.74,1,11
2,300555,10.92,1,11
2,300547,10.02,1,11
2,300522,15.87,1,11
2,300484,11.10,1,11
2,300432,6.68,1,11
2,300535,14.58,1,11
2,300534,6.18,1,11
2,300559,26.45,1,11
1,603118,13.13,1,11
2,002793,20.14,1,11
2,002806,16.31,1,11
2,002787,6.89,1,11
2,002822,8.60,1,11
2,002789,17.45,1,11
2,002811,14.80,1,11
1,603189,18.32,1,11
2,002821,107.10,1,11
2,002809,16.89,1,11
2,002832,24.60,1,11
2,002817,19.34,1,11
2,300392,7.28,1,11
2,300433,9.98,1,11
2,300462,29.98,1,11
2,300512,12.20,1,11
2,002795,13.84,1,11
1,603718,12.93,1,11
1,601900,9.17,1,11
2,300500,15.19,1,11
2,002790,6.62,1,11
2,002753,8.51,1,11
1,603799,27.96,1,11
1,600936,4.36,1,11
2,300517,14.70,1,11
1,603690,24.21,1,11
2,002758,10.18,1,11
2,002759,10.20,1,11
1,603159,12.04,1,11
1,603589,60.20,1,11
2,300519,14.34,1,11
2,300470,29.25,1,11
1,603977,9.00,1,11
2,300414,14.33,1,11
2,300425,4.84,1,11
2,300460,10.16,1,11
1,603900,11.40,1,11
1,601366,5.82,1,11
1,601212,4.46,1,11
2,300518,26.70,1,11
2,300506,8.93,1,11
2,300533,44.45,1,11
2,300453,7.46,1,11
2,002797,6.91,1,11
1,603060,22.81,1,11
1,603315,11.88,1,11
1,603800,12.78,1,11
1,603600,11.01,1,11
1,603936,24.99,1,11
1,603825,13.37,1,11
1,603616,9.14,1,11
2,300410,9.49,1,11
1,603338,54.41,1,11
2,002751,30.57,1,11
1,601966,20.99,1,11
1,603018,12.37,1,11
2,300395,21.90,1,11
1,603222,48.45,1,11
1,603108,11.13,1,11
2,002813,29.00,1,11
2,002823,10.02,1,11
1,601611,7.40,1,11
2,300510,5.97,1,11
2,300447,12.87,1,11
2,300420,7.43,1,11
2,300516,36.42,1,11
2,300364,4.21,1,11
1,603377,16.91,1,11
1,603508,62.03,1,11
2,300520,18.96,1,11
1,603929,15.63,1,11
1,603022,8.37,1,11
1,603131,16.03,1,11
2,002820,12.40,1,11
1,603085,9.52,1,11
1,603268,17.06,1,11
1,603020,8.10,1,11
1,603198,19.20,1,11
2,300485,10.21,1,11
2,300404,21.51,1,11
1,603958,7.59,1,11
1,603738,22.10,1,11
1,603339,15.38,1,11
1,603266,12.27,1,11
2,300442,15.04,1,11
2,002731,9.39,1,11
2,002777,31.94,1,11
2,300528,7.28,1,11
2,300456,16.71,1,11
2,002803,23.33,1,11
1,603939,74.85,1,11
2,300461,19.57,1,11
2,300416,21.09,1,11
2,300468,21.88,1,11
2,300572,55.12,1,11
2,300423,15.40,1,11
2,300537,18.05,1,11
2,300431,5.53,1,11
1,603603,12.61,1,11
1,603306,13.46,1,11
1,603169,7.53,1,11
1,603859,26.81,1,11
1,603878,10.21,1,11
2,002772,7.87,1,11
2,002828,12.69,1,11
1,603033,18.27,1,11
1,603311,10.22,1,11
2,002856,19.23,1,11
1,603028,10.70,1,11
1,603036,12.36,1,11
1,603838,9.03,1,11
2,300473,30.10,1,11
2,300474,52.00,1,11
2,300482,46.42,1,11
2,300497,18.52,1,11
1,603066,7.74,1,11
1,603027,22.41,1,11
1,603987,8.00,1,11
1,603678,24.29,1,11
1,601127,13.46,1,11
2,300549,15.36,1,11
2,300600,11.62,1,11
2,300586,13.59,1,11
2,002829,22.47,1,11
1,603258,24.85,1,11
1,603319,16.66,1,11
1,603568,21.32,1,11
1,603444,274.97,1,11
1,603029,14.70,1,11
2,002812,31.86,1,11
1,603639,25.71,1,11
2,300422,10.60,1,11
2,300542,16.56,1,11
2,300509,8.89,1,11
2,300499,12.60,1,11
1,603007,7.58,1,11
1,603658,81.80,1,11
1,603822,24.80,1,11
2,300503,8.28,1,11
1,603869,13.01,1,11
1,603043,31.78,1,11
1,603313,16.23,1,11
2,300508,33.10,1,11
2,300412,6.74,1,11
1,603819,14.94,1,11
1,603299,8.09,1,11
1,603026,35.19,1,11
2,002825,16.55,1,11
2,300525,26.00,1,11
2,300545,28.86,1,11
2,300543,25.04,1,11
2,300531,18.05,1,11
2,300570,33.90,1,11
1,600977,14.83,1,11
1,603300,9.53,1,11
1,603598,8.04,1,11
1,603019,38.38,1,11
1,603689,10.97,1,11
2,002816,19.87,1,11
1,603519,16.24,1,11
2,002785,11.38,1,11
1,603067,6.43,1,11
2,300665,10.70,1,11
2,300573,83.90,1,11
2,300428,13.37,1,11
1,603601,7.52,1,11
2,002835,11.60,1,11
1,601878,9.39,1,11
1,603886,20.91,1,11
1,603858,20.24,1,11
2,002736,13.60,1,11
1,603345,47.48,1,11
2,300426,6.43,1,11
2,002765,5.56,1,11
2,002810,14.37,1,11
2,300434,8.19,1,11
2,300539,8.29,1,11
2,300488,17.40,1,11
1,603808,16.31,1,11
1,603737,63.52,1,11
1,603778,4.85,1,11
2,300439,15.16,1,11
1,603398,9.63,1,11
1,603223,7.14,1,11
1,603016,15.18,1,11
2,300450,34.45,1,11
2,300502,38.99,1,11
2,300446,16.23,1,11
1,603628,8.17,1,11
2,300427,15.15,1,11
2,300493,8.03,1,11
2,300459,2.70,1,11
2,300487,35.85,1,11
2,300457,25.11,1,11
1,603968,16.39,1,11
2,300548,49.40,1,11
2,300451,17.03,1,11
2,300560,18.89,1,11
2,300561,16.34,1,11
2,300550,32.73,1,11
2,300394,38.39,1,11
2,300556,18.00,1,11
2,300538,20.30,1,11
2,300551,18.77,1,11
2,300569,17.52,1,11
2,300631,18.70,1,11
2,300515,10.67,1,11
2,300553,39.33,1,11
2,300540,17.01,1,11
2,300558,47.34,1,11
2,300541,17.92,1,11
1,603559,20.87,1,11
1,601858,12.40,1,11
1,603239,9.99,1,11
1,603186,46.73,1,11
1,603716,18.04,1,11
1,603888,23.00,1,11
1,603416,29.33,1,11
1,603633,9.65,1,11
1,603098,11.55,1,11
1,603669,8.63,1,11
1,601163,13.41,1,11
1,603505,20.85,1,11
1,603708,25.15,1,11
2,002865,16.82,1,11
2,002836,14.68,1,11
2,002842,16.08,1,11
2,002824,11.29,1,11
1,603203,23.76,1,11
1,603035,9.17,1,11
1,603727,17.60,1,11
2,300458,27.58,1,11
2,300413,48.30,1,11
2,300481,15.09,1,11
2,300408,21.07,1,11
1,600908,5.49,1,11
2,002839,5.70,1,11
1,601229,9.28,1,11
1,603323,5.40,1,11
1,600919,6.92,1,11
2,002807,4.53,1,11
1,601128,7.52,1,11
1,601997,8.70,1,11
1,600926,8.50,1,11
1,603322,24.15,1,11
2,300582,11.72,1,11
2,300557,28.75,1,11
1,603336,17.06,1,11
2,300623,22.87,1,11
2,002840,17.09,1,11
1,601881,11.96,1,11
1,603797,13.26,1,11
2,300563,32.68,1,11
2,002833,36.10,1,11
2,300657,40.85,1,11
2,300562,13.23,1,11
2,300565,16.08,1,11
1,603585,23.00,1,11
2,002831,21.44,1,11
2,002845,18.83,1,11
1,603517,39.05,1,11
1,603388,7.48,1,11
1,603990,28.88,1,11
1,603577,11.67,1,11
1,603298,12.34,1,11
1,603668,8.65,1,11
1,603966,10.46,1,11
2,300587,12.13,1,11
2,300575,23.82,1,11
1,603833,121.13,1,11
2,002837,20.45,1,11
2,300686,20.83,1,11
2,300566,21.05,1,11
2,300567,51.06,1,11
2,002857,14.68,1,11
2,002848,14.73,1,11
2,002841,91.48,1,11
1,603637,16.96,1,11
1,603877,14.22,1,11
1,603928,12.62,1,11
1,603086,28.58,1,11
1,603218,22.59,1,11
1,603823,22.01,1,11
1,603228,49.59,1,11
2,300615,25.00,1,11
1,603638,25.95,1,11
1,603579,26.98,1,11
1,603677,12.28,1,11
2,002858,21.05,1,11
1,603177,12.27,1,11
1,603538,21.65,1,11
1,601020,10.27,1,11
2,300682,22.50,1,11
1,603039,68.77,1,11
1,603037,17.89,1,11
1,603811,24.80,1,11
1,601375,5.30,1,11
1,603881,39.37,1,11
1,603626,8.01,1,11
2,002850,32.71,1,11
2,002861,24.54,1,11
2,300606,17.88,1,11
2,300619,24.51,1,11
1,603303,9.20,1,11
1,601228,3.98,1,11
2,300580,15.82,1,11
1,603358,13.68,1,11
1,603038,14.90,1,11
1,603040,30.03,1,11
2,300578,31.73,1,11
2,300571,52.53,1,11
2,300598,36.40,1,11
2,002867,22.20,1,11
1,603165,18.48,1,11
1,603839,13.22,1,11
1,603360,33.10,1,11
2,002855,12.04,1,11
1,603208,36.92,1,11
1,603032,27.68,1,11
1,603908,30.69,1,11
2,300597,14.95,1,11
1,603665,22.22,1,11
2,300581,26.39,1,11
2,300576,24.43,1,11
2,000166,5.11,1,11
1,603089,13.35,1,11
2,002846,12.75,1,11
2,002847,30.94,1,11
2,300592,11.24,1,11
1,603817,7.25,1,11
2,300678,22.82,1,11
1,603337,21.14,1,11
2,300568,29.60,1,11
1,603238,17.60,1,11
2,002853,19.19,1,11
1,603330,14.02,1,11
1,603615,9.45,1,11
1,603656,15.77,1,11
2,300617,22.79,1,11
2,002849,15.40,1,11
1,600996,10.45,1,11
1,603393,23.19,1,11
1,603630,13.77,1,11
1,603955,15.87,1,11
1,603996,5.28,1,11
1,603138,17.16,1,11
1,603960,28.87,1,11
1,603896,33.76,1,11
2,002852,13.85,1,11
2,300659,51.58,1,11
1,603903,14.83,1,11
1,603991,19.90,1,11
1,603768,11.52,1,11
2,300647,16.07,1,11
1,603385,9.65,1,11
2,002875,17.75,1,11
1,603178,10.76,1,11
2,002774,8.62,1,11
1,603078,28.34,1,11
1,603133,23.34,1,11
1,603787,20.81,1,11
1,603179,14.00,1,11
1,601952,7.11,1,11
1,603920,18.52,1,11
2,300593,19.85,1,11
2,300577,33.74,1,11
1,603096,58.92,1,11
1,603803,14.91,1,11
2,002862,20.70,1,11
1,603758,6.14,1,11
1,603050,12.11,1,11
2,002878,25.41,1,11
1,603906,11.25,1,11
1,603180,61.19,1,11
1,603041,16.44,1,11
1,603536,11.83,1,11
1,603113,11.47,1,11
2,300629,22.28,1,11
2,300583,33.40,1,11
2,002882,11.33,1,11
2,002868,19.97,1,11
1,603232,34.50,1,11
1,603269,14.53,1,11
1,603229,13.51,1,11
1,603826,15.01,1,11
2,002859,34.81,1,11
1,603058,7.65,1,11
1,603855,8.94,1,11
2,002870,22.81,1,11
2,300589,14.93,1,11
2,300601,71.02,1,11
2,300585,18.57,1,11
1,603926,11.86,1,11
2,002860,20.84,1,11
1,603501,107.00,1,11
1,603200,26.62,1,11
2,300612,18.74,1,11
1,603586,17.42,1,11
1,603139,17.28,1,11
1,603496,22.35,1,11
2,002871,21.96,1,11
1,603728,12.60,1,11
2,002869,67.64,1,11
2,300588,13.01,1,11
2,300590,40.94,1,11
2,300613,130.30,1,11
2,300618,66.15,1,11
2,300616,88.27,1,11
2,002876,41.10,1,11
2,002872,5.71,1,11
1,603717,8.79,1,11
1,603879,7.64,1,11
1,603081,11.71,1,11
2,002863,6.05,1,11
2,300645,16.07,1,11
2,300610,12.54,1,11
2,300675,17.67,1,11
2,300638,72.73,1,11
2,300602,47.41,1,11
2,300595,45.31,1,11
2,300584,32.43,1,11
2,300599,10.57,1,11
1,603335,5.79,1,11
2,300605,13.69,1,11
2,300591,6.77,1,11
2,300639,18.14,1,11
2,300608,18.80,1,11
1,603316,9.77,1,11
1,603331,16.42,1,11
1,603488,8.63,1,11
1,603679,43.61,1,11
2,300498,38.38,1,11
1,603357,11.87,1,11
2,002866,13.36,1,11
2,002877,8.71,1,11
2,002880,50.81,1,11
1,603063,9.99,1,11
2,002886,22.21,1,11
1,603387,25.06,1,11
2,002879,13.64,1,11
1,603196,8.13,1,11
1,603042,15.94,1,11
1,603985,17.30,1,11
1,603938,18.25,1,11
2,002884,15.14,1,11
1,603767,7.61,1,11
2,300622,23.97,1,11
2,300611,9.47,1,11
2,300609,43.49,1,11
2,300625,14.22,1,11
2,300621,12.31,1,11
2,300661,145.68,1,11
2,300627,19.93,1,11
2,300626,8.40,1,11
2,300620,37.07,1,11
2,300633,27.25,1,11
2,300628,64.65,1,11
2,300637,13.93,1,11
2,300603,19.42,1,11
2,300635,18.15,1,11
2,300636,23.10,1,11
2,300630,51.98,1,11
2,300662,31.14,1,11
2,300670,9.59,1,11
2,300663,35.90,1,11
1,601155,25.70,1,11
1,603233,56.68,1,11
2,300652,20.95,1,11
2,300648,19.06,1,11
2,300685,56.72,1,11
2,300643,9.20,1,11
2,300514,14.37,1,11
2,300650,16.51,1,11
2,300653,72.20,1,11
2,300676,72.37,1,11
2,002883,20.60,1,11
1,603226,29.99,1,11
1,603933,14.33,1,11
2,002887,16.01,1,11
2,300641,5.58,1,11
2,300680,20.60,1,11
2,300604,24.92,1,11
2,300642,41.81,1,11
2,300658,15.25,1,11
2,300651,34.41,1,11
2,300649,22.98,1,11
2,300554,18.86,1,11
1,603286,15.57,1,11
2,001979,20.09,1,11
2,300666,43.41,1,11
2,300660,16.36,1,11
2,300667,31.71,1,11
2,300655,19.64,1,11
1,603757,15.83,1,11
2,002827,10.90,1,11
1,603326,11.74,1,11
1,603980,9.23,1,11
1,601619,4.29,1,11
2,002890,20.31,1,11
1,603617,15.12,1,11
2,002826,11.40,1,11
2,300656,23.36,1,11
2,300671,24.00,1,11
1,603801,20.65,1,11
2,002888,20.18,1,11
2,002885,20.05,1,11
1,603707,34.45,1,11
2,300640,8.06,1,11
1,603380,16.25,1,11
2,002881,35.52,1,11
1,603305,25.74,1,11
2,300681,28.66,1,11
1,603595,27.80,1,11
2,300677,16.68,1,11
2,300668,19.90,1,11
2,300672,46.27,1,11
2,300669,22.87,1,11
2,300687,16.52,1,11
2,300679,39.85,1,11
1,603429,36.39,1,11
1,603676,12.08,1,11
2,300607,41.94,1,11
1,603578,19.68,1,11
1,603580,12.78,1,11
2,300632,19.27,1,11
1,601200,12.27,1,11
1,603225,12.02,1,11
2,002873,15.67,1,11
2,300673,27.45,1,11
1,603359,16.47,1,11
1,603363,21.68,1,11
2,300654,12.92,1,11
1,601326,3.32,1,11
1,601949,7.37,1,11
1,603079,38.55,1,11
1,603106,11.03,1,11
1,603127,60.04,1,11
1,603129,26.34,1,11
1,603183,11.76,1,11
1,603181,16.19,1,11
1,603277,9.54,1,11
1,603321,8.36,1,11
1,603386,19.24,1,11
1,603458,20.28,1,11
1,603500,13.15,1,11
1,603527,10.80,1,11
1,603535,18.47,1,11
1,603557,8.41,1,11
1,603602,22.90,1,11
1,603648,12.17,1,11
1,603721,17.28,1,11
1,603725,7.69,1,11
1,603776,18.14,1,11
1,603813,18.29,1,11
1,603882,49.40,1,11
1,603880,10.00,1,11
1,603978,37.80,1,11
1,603976,19.48,1,11
2,002891,19.66,1,11
2,002897,29.05,1,11
2,002899,14.12,1,11
2,002893,13.24,1,11
2,002895,12.57,1,11
2,002892,49.46,1,11
2,002896,24.93,1,11
2,002898,14.54,1,11
2,002902,29.00,1,11
2,300683,33.32,1,11
2,300688,26.40,1,11
2,300689,41.25,1,11
2,300691,19.98,1,11
2,300690,26.75,1,11
2,300692,13.76,1,11
2,300693,12.90,1,11
2,300697,16.04,1,11
2,300699,41.49,1,11
2,300696,29.70,1,11
2,300695,53.06,1,11
2,300700,27.65,1,11
2,300701,24.37,1,11
2,300702,43.38,1,11
2,300703,10.25,1,11
1,603055,7.07,1,11
1,603533,15.97,1,11
1,603963,13.62,1,11
2,002901,43.85,1,11
2,002900,12.11,1,11
2,300707,14.20,1,11
1,603157,5.54,1,11
1,603110,15.41,1,11
2,002903,18.19,1,11
2,300706,26.98,1,11
2,002906,11.87,1,11
1,603499,17.18,1,11
1,603136,22.01,1,11
2,002905,15.60,1,11
2,300708,16.09,1,11
1,603829,10.50,1,11
1,603378,13.15,1,11
1,601086,5.25,1,11
1,603367,16.29,1,11
1,603396,20.52,1,11
2,300709,71.63,1,11
2,300710,29.60,1,11
1,603683,13.46,1,11
2,002908,13.77,1,11
1,603466,16.72,1,11
2,300705,13.06,1,11
1,603922,16.55,1,11
2,002907,17.19,1,11
1,601108,10.81,1,11
2,300715,20.18,1,11
2,002909,11.01,1,11
1,603607,19.94,1,11
1,603722,25.30,1,11
1,603103,15.03,1,11
2,002910,12.44,1,11
1,603289,11.23,1,11
2,300712,13.07,1,11
2,300713,14.26,1,11
1,603912,14.68,1,11
2,300711,18.45,1,11
1,603856,10.39,1,11
1,603507,18.94,1,11
2,300718,18.78,1,11
2,300720,16.26,1,11
2,300717,17.38,1,11
1,600903,13.78,1,11
2,300716,11.42,1,11
2,300719,14.39,1,11
1,603260,30.94,1,11
2,300722,26.69,1,11
1,603916,12.11,1,11
1,603083,29.21,1,11
1,603076,23.98,1,11
1,603278,11.03,1,11
2,300725,67.78,1,11
1,603937,11.36,1,11
2,002864,29.72,1,11
2,300721,19.42,1,11
1,603659,52.48,1,11
2,300723,41.09,1,11
1,603970,13.42,1,11
1,600933,10.59,1,11
2,002912,112.39,1,11
2,002911,15.14,1,11
1,603661,35.80,1,11
2,300726,29.83,1,11
1,603685,12.51,1,11
2,300727,16.35,1,11
1,603605,77.30,1,11
1,603809,9.82,1,11
1,603619,16.41,1,11
1,603365,17.08,1,11
1,603711,33.27,1,11
1,603848,15.78,1,11
1,601019,7.67,1,11
2,002913,56.38,1,11
2,300729,21.88,1,11
2,300730,17.76,1,11
2,002915,31.44,1,11
2,300731,23.46,1,11
2,002917,14.69,1,11
2,002916,155.05,1,11
2,300732,18.78,1,11
1,603890,10.56,1,11
1,603917,10.85,1,11
2,002918,14.00,1,11
2,002919,16.09,1,11
1,603283,23.55,1,11
2,300684,30.18,1,11
2,002920,26.80,1,11
2,002921,19.50,1,11
1,600025,4.52,1,11
1,603477,7.83,1,11
2,300735,30.99,1,11
2,002922,16.29,1,11
2,001965,8.12,1,11
2,300664,12.92,1,11
2,002923,20.11,1,11
1,603161,13.81,1,11
2,300736,12.15,1,11
1,603329,17.40,1,11
1,603655,19.12,1,11
1,603080,17.90,1,11
1,601828,11.23,1,11
1,603056,14.06,1,11
2,002925,43.95,1,11
2,300733,14.90,1,11
2,300624,62.20,1,11
2,300738,34.82,1,11
1,603895,22.36,1,11
1,603356,12.78,1,11
2,300737,9.63,1,11
1,601838,8.39,1,11
1,603506,18.47,1,11
1,603516,34.52,1,11
2,300739,22.83,1,11
2,002926,10.69,1,11
1,603871,33.51,1,11
2,300644,28.80,1,11
1,603709,26.45,1,11
2,300740,9.90,1,11
1,603156,30.09,1,11
2,002927,22.81,1,11
1,600901,6.58,1,11
1,603712,25.10,1,11
1,603680,11.23,1,11
1,603059,25.69,1,11
2,300741,32.20,1,11
2,002929,28.64,1,11
2,002928,10.62,1,11
1,601360,25.70,1,11
2,300634,21.07,1,11
1,600929,7.46,1,11
2,002930,15.11,1,11
2,300504,26.87,1,11
1,603214,38.90,1,11
2,002931,27.81,1,11
1,603897,19.61,1,11
1,603301,20.95,1,11
2,300743,24.96,1,11
1,603773,36.00,1,11
1,603876,15.05,1,11
1,603733,15.36,1,11
1,603348,17.65,1,11
1,603596,15.62,1,11
1,603259,80.85,1,11
1,603013,14.78,1,11
2,300742,29.35,1,11
2,300454,117.20,1,11
1,603045,17.38,1,11
2,300745,28.27,1,11
2,300746,14.90,1,11
1,603486,25.47,1,11
1,601138,15.21,1,11
1,601330,13.23,1,11
2,300750,77.77,1,11
1,603666,67.99,1,11
1,601990,9.14,1,11
1,601066,25.50,1,11
1,603587,23.10,1,11
2,300747,99.60,1,11
1,603650,20.18,1,11
1,603693,11.34,1,11
1,603105,8.47,1,11
1,603706,18.83,1,11
2,002932,40.32,1,11
1,603713,34.16,1,11
1,601869,35.83,1,11
1,600968,3.36,1,11
1,600989,10.81,1,11
1,600928,7.77,1,11
1,601068,6.35,1,11
1,601298,7.99,1,11
1,601319,9.16,1,11
1,601598,4.47,1,11
1,601577,8.99,1,11
1,601615,13.85,1,11
1,601606,15.13,1,11
1,601860,6.80,1,11
1,601865,11.09,1,11
1,601975,3.13,1,11
1,601162,9.75,1,11
1,603121,18.24,1,11
1,603068,130.01,1,11
1,603192,27.31,1,11
1,603185,27.16,1,11
1,603217,53.66,1,11
1,603297,35.54,1,11
1,603220,29.96,1,11
1,603267,61.00,1,11
1,603332,26.72,1,11
1,603317,46.26,1,11
1,603187,36.98,1,11
1,603327,30.88,1,11
1,603379,40.38,1,11
1,603351,35.63,1,11
1,603583,36.05,1,11
1,603629,33.10,1,11
1,603590,42.02,1,11
1,603681,27.23,1,11
1,603697,15.92,1,11
1,603700,24.61,1,11
1,603790,16.44,1,11
1,603739,32.72,1,11
1,603657,25.29,1,11
1,603867,29.56,1,11
1,603863,21.69,1,11
1,603810,30.85,1,11
1,603915,16.34,1,11
1,603956,18.93,1,11
1,603967,17.84,1,11
1,603982,23.30,1,11
2,001872,18.05,1,11
2,002938,40.19,1,11
2,002951,22.23,1,11
2,002933,50.09,1,11
2,002952,39.33,1,11
2,002948,6.05,1,11
2,002953,25.76,1,11
2,002943,31.45,1,11
2,002935,34.78,1,11
2,002941,25.69,1,11
2,002947,60.96,1,11
2,002945,18.20,1,11
2,002949,25.08,1,11
2,002950,22.95,1,11
2,002939,17.31,1,11
2,002946,14.01,1,11
2,002940,32.62,1,11
2,002937,17.37,1,11
2,002942,26.50,1,11
2,002936,4.92,1,11
2,002958,6.50,1,11
2,002955,59.24,1,11
2,002956,53.39,1,11
2,300594,35.65,1,11
2,300694,18.03,1,11
2,300674,35.40,1,11
2,300748,67.66,1,11
2,300753,38.49,1,11
2,300771,61.84,1,11
2,300758,34.68,1,11
2,300724,34.23,1,11
2,300756,41.03,1,11
2,300749,14.30,1,11
2,300766,42.50,1,11
2,300755,44.08,1,11
2,300768,41.30,1,11
2,300763,40.63,1,11
2,300759,41.42,1,11
2,300769,99.10,1,11
2,300751,152.51,1,11
2,300779,36.96,1,11
2,300775,50.02,1,11
2,300757,35.63,1,11
2,300773,70.49,1,11
2,300770,94.53,1,11
2,300752,33.95,1,11
2,300777,41.06,1,11
2,300762,66.20,1,11
2,300761,70.76,1,11
2,300780,24.03,1,11
2,300776,136.60,1,11
2,300772,14.77,1,11
2,300760,180.20,1,11
2,300781,36.51,1,11
2,300767,36.84,1,11
2,300778,45.60,1,11
2,300765,35.59,1,11
2,300782,337.50,1,11
1,601698,14.28,1,11
1,688002,52.25,1,11
1,688003,47.00,1,11
2,300783,57.81,1,11
2,300785,116.85,1,11
1,688006,53.59,1,11
1,603236,165.55,1,11
1,601236,19.07,1,11
2,300788,42.60,1,11
1,688008,73.23,1,11
1,603256,22.64,1,11
1,688005,45.29,1,11
1,688007,41.14,1,11
1,688010,71.14,1,11
1,688011,68.07,1,11
1,688019,155.28,1,11
1,688012,76.13,1,11
1,688018,166.99,1,11
1,688333,71.89,1,11
1,688009,9.88,1,11
2,300786,56.30,1,11
1,688088,66.36,1,11
1,688016,146.66,1,11
1,688122,48.11,1,11
1,688029,136.64,1,11
1,688015,45.57,1,11
1,688022,63.18,1,11
1,688066,57.30,1,11
1,688033,41.03,1,11
1,688028,114.25,1,11
1,688388,59.38,1,11
1,688020,99.40,1,11
1,603983,53.07,1,11
1,603687,20.40,1,11
1,603279,25.91,1,11
2,002957,42.53,1,11
2,002966,10.80,1,11
1,603613,64.12,1,11
1,688001,55.35,1,11
1,603530,24.55,1,11
1,603662,52.16,1,11
1,688099,90.81,1,11
1,688188,163.50,1,11
1,688321,73.21,1,11
1,688110,5.94,1,11
2,002960,33.80,1,11
1,603115,28.79,1,11
2,300787,61.11,1,11
2,003816,4.61,1,11
2,300789,87.26,1,11
2,002959,67.35,1,11
1,603093,14.95,1,11
2,002961,11.74,1,11
1,603927,28.19,1,11
1,688168,165.55,1,11
2,002962,14.39,1,11
1,603786,26.89,1,11
1,603815,5.14,1,11
2,300790,18.16,1,11
