exch_no,stock_code,last_price
1,600600,46.410000000
1,600601,3.300000000
1,600603,4.990000000
2,000001,14.170000000
2,000016,4.200000000
2,000004,19.220000000
2,000011,10.340000000
2,000002,29.850000000
2,000005,2.970000000
2,000006,5.350000000
2,000007,6.600000000
2,000008,3.620000000
2,000009,4.650000000
2,000010,3.560000000
2,000012,4.220000000
2,000014,9.720000000
2,000017,4.450000000
2,000018,1.240000000
2,000019,6.790000000
2,000020,10.660000000
2,000021,7.990000000
2,000022,16.460000000
2,000023,13.750000000
2,000025,19.420000000
2,000026,7.540000000
2,000027,5.890000000
2,000028,41.100000000
2,000029,10.970000000
2,000030,4.520000000
2,000031,7.160000000
2,000032,9.490000000
2,000034,12.890000000
2,000035,5.390000000
2,000036,4.900000000
2,000037,12.250000000
2,000038,8.580000000
2,000039,10.260000000
2,000040,5.670000000
2,000042,9.490000000
2,000043,13.070000000
2,000045,6.800000000
2,000046,5.240000000
2,000048,19.110000000
2,000049,31.200000000
2,000050,14.980000000
2,000055,4.980000000
2,000056,4.100000000
2,000058,5.350000000
2,000059,6.410000000
2,000060,4.360000000
2,000061,5.320000000
2,000062,13.450000000
2,000063,33.260000000
2,000065,8.310000000
2,000066,9.650000000
2,000068,3.700000000
2,000069,7.410000000
2,000070,10.800000000
2,000078,3.360000000
2,000088,5.430000000
2,000089,8.960000000
2,000090,5.620000000
2,000096,9.430000000
2,000099,7.360000000
2,000100,3.480000000
2,000150,4.830000000
2,000151,10.540000000
2,000153,6.100000000
2,000155,4.240000000
2,000156,10.450000000
2,000157,6.310000000
2,000158,5.310000000
2,000159,6.950000000
2,000301,5.310000000
2,000400,8.600000000
2,000401,17.080000000
2,000402,7.750000000
2,000403,28.180000000
2,000404,4.110000000
2,000407,3.670000000
2,000408,9.230000000
2,000409,4.920000000
2,000410,5.610000000
2,000411,12.460000000
2,000413,4.910000000
2,000415,3.880000000
2,000416,6.180000000
2,000417,4.860000000
2,000418,57.390000000
2,000419,4.520000000
2,000420,2.580000000
2,000421,4.540000000
2,000422,3.030000000
2,000423,33.970000000
2,000425,4.950000000
2,000426,5.160000000
2,000428,2.820000000
2,000429,7.800000000
2,000430,6.050000000
2,000488,5.280000000
2,000498,5.050000000
2,000501,10.250000000
2,000502,7.410000000
2,000503,17.100000000
2,000504,9.020000000
2,000505,6.630000000
2,000506,3.400000000
2,000507,6.080000000
2,000509,2.570000000
2,000510,4.450000000
2,000511,0.640000000
2,000513,25.450000000
2,000514,4.450000000
2,000516,5.040000000
2,000517,2.910000000
2,000518,3.370000000
2,000519,7.910000000
2,000520,3.910000000
2,000521,3.510000000
2,000523,5.280000000
2,000524,7.910000000
2,000525,12.450000000
2,000526,22.700000000
2,000528,6.820000000
2,000529,7.190000000
2,000530,4.200000000
2,000531,7.130000000
2,000532,9.820000000
2,000533,2.690000000
2,000534,8.490000000
2,000536,3.550000000
2,000537,6.620000000
2,000538,79.330000000
2,000539,3.940000000
2,000540,3.780000000
2,000541,5.220000000
2,000543,4.500000000
2,000544,6.380000000
2,000545,3.900000000
2,000546,9.280000000
2,000547,10.100000000
2,000548,4.320000000
2,000550,18.200000000
2,000551,6.620000000
2,000552,2.640000000
2,000553,10.050000000
2,000554,5.600000000
2,000555,10.630000000
2,000557,3.420000000
2,000558,3.430000000
2,000559,5.820000000
2,000560,4.950000000
2,000561,6.690000000
2,000563,4.370000000
2,000564,2.390000000
2,000565,5.470000000
2,000566,6.200000000
2,000567,8.760000000
2,000568,83.420000000
2,000570,4.700000000
2,000571,2.410000000
2,000572,1.880000000
2,000573,3.240000000
2,000576,9.630000000
2,000581,18.310000000
2,000582,9.010000000
2,000584,6.280000000
2,000585,2.090000000
2,000586,13.200000000
2,000587,2.240000000
2,000589,4.450000000
2,000590,10.710000000
2,000591,3.140000000
2,000592,3.320000000
2,000593,6.550000000
2,000595,2.800000000
2,000596,119.800000000
2,000597,12.530000000
2,000598,4.750000000
2,000599,4.340000000
2,000600,6.140000000
2,000601,4.820000000
2,000603,12.300000000
2,000605,7.710000000
2,000606,6.010000000
2,000607,4.920000000
2,000608,6.020000000
2,000609,4.990000000
2,000610,9.420000000
2,000611,3.240000000
2,000612,4.790000000
2,000613,5.540000000
2,000615,5.050000000
2,000616,2.820000000
2,000617,11.870000000
2,000619,5.400000000
2,000620,4.120000000
2,000622,4.830000000
2,000623,16.670000000
2,000625,7.820000000
2,000626,7.840000000
2,000627,6.260000000
2,000628,9.570000000
2,000629,3.300000000
2,000630,2.330000000
2,000631,2.940000000
2,000632,5.490000000
2,000633,4.880000000
2,000635,8.620000000
2,000636,10.540000000
2,000637,4.760000000
2,000638,4.990000000
2,000639,5.470000000
2,000650,7.220000000
2,000651,55.430000000
2,000652,3.810000000
2,000655,6.030000000
2,000656,6.480000000
2,000657,6.360000000
2,000659,2.830000000
2,000661,338.800000000
2,000662,4.380000000
2,000663,6.170000000
2,000665,5.290000000
2,000666,12.910000000
2,000667,2.610000000
2,000668,15.290000000
2,000669,4.420000000
2,000670,2.050000000
2,000671,6.760000000
2,000672,13.100000000
2,000673,3.280000000
2,000676,6.170000000
2,000677,3.150000000
2,000678,6.910000000
2,000679,3.850000000
2,000680,3.980000000
2,000681,20.470000000
2,000682,4.680000000
2,000683,2.530000000
2,000685,8.370000000
2,000686,9.020000000
2,000687,6.370000000
2,000688,10.330000000
2,000690,6.350000000
2,000691,3.960000000
2,000692,2.900000000
2,000693,0.370000000
2,000695,9.110000000
2,001696,5.920000000
2,000697,10.730000000
2,000698,4.300000000
2,000700,3.700000000
2,000701,6.020000000
2,000702,6.290000000
2,000703,11.860000000
2,000705,6.470000000
2,000707,2.850000000
2,000708,13.200000000
2,000709,2.760000000
2,000710,33.460000000
2,000711,5.260000000
2,000712,13.020000000
2,000713,8.930000000
2,000715,9.430000000
2,000716,3.640000000
2,000717,4.170000000
2,000718,3.850000000
2,000719,7.000000000
2,000720,5.030000000
2,000721,4.200000000
2,000722,7.010000000
2,000723,9.720000000
2,000725,4.240000000
2,000726,9.180000000
2,000727,2.230000000
2,000728,9.090000000
2,000729,6.180000000
2,000731,5.880000000
2,000732,6.980000000
2,000733,15.320000000
2,000735,9.090000000
2,000736,6.940000000
2,000737,3.090000000
2,000738,14.900000000
2,000739,9.560000000
2,000750,5.230000000
2,000751,3.380000000
2,000752,4.060000000
2,000753,3.120000000
2,000755,4.280000000
2,000756,7.120000000
2,000757,4.520000000
2,000758,4.650000000
2,000759,7.110000000
2,000760,1.490000000
2,000761,4.370000000
2,000762,7.420000000
2,000766,6.550000000
2,000767,2.690000000
2,000768,16.580000000
2,000776,13.840000000
2,000777,13.190000000
2,000778,4.420000000
2,000779,11.690000000
2,000780,3.220000000
2,000782,3.990000000
2,000783,8.090000000
2,000785,9.830000000
2,000786,17.040000000
2,000788,6.450000000
2,000789,9.440000000
2,000790,4.380000000
2,000791,3.930000000
2,000792,6.430000000
2,000793,3.270000000
2,000795,6.160000000
2,000796,6.670000000
2,000797,3.790000000
2,000798,5.880000000
2,000799,29.110000000
2,000800,9.190000000
2,000801,5.500000000
2,000802,9.650000000
2,000803,14.400000000
2,000806,2.130000000
2,000807,4.670000000
2,000809,2.480000000
2,000810,9.060000000
2,000811,7.250000000
2,000812,3.910000000
2,000813,7.740000000
2,000815,8.700000000
2,000816,1.710000000
2,000818,8.750000000
2,000819,9.270000000
2,000820,1.920000000
2,000821,7.300000000
2,000822,5.040000000
2,000823,10.390000000
2,000825,4.130000000
2,000826,10.460000000
2,000828,8.770000000
2,000829,5.490000000
2,000830,10.720000000
2,000831,13.060000000
2,000833,5.850000000
2,000835,4.080000000
2,000836,3.930000000
2,000837,4.300000000
2,000838,3.290000000
2,000839,3.820000000
2,000848,7.950000000
2,000850,4.160000000
2,000851,5.380000000
2,000852,6.680000000
2,000856,11.070000000
2,000858,122.180000000
2,000859,5.010000000
2,000860,46.320000000
2,000861,2.690000000
2,000862,5.800000000
2,000863,5.220000000
2,000868,2.840000000
2,000869,30.180000000
2,000875,3.010000000
2,000876,18.680000000
2,000877,10.520000000
2,000878,10.400000000
2,000880,8.470000000
2,000881,7.490000000
2,000882,2.300000000
2,000883,4.170000000
2,000885,10.230000000
2,000886,3.810000000
2,000887,9.700000000
2,000888,5.920000000
2,000889,9.290000000
2,000890,4.680000000
2,000892,3.860000000
2,000893,7.340000000
2,000895,24.500000000
2,001896,3.530000000
2,000897,2.250000000
2,000898,3.510000000
2,000899,5.050000000
2,000900,4.540000000
2,000901,12.280000000
2,000902,10.550000000
2,000903,2.750000000
2,000905,7.640000000
2,000906,6.460000000
2,000908,4.400000000
2,000909,7.380000000
2,000910,9.830000000
2,000911,6.720000000
2,000912,5.250000000
2,000913,9.890000000
2,000915,21.810000000
2,000916,8.820000000
2,000917,6.480000000
2,000918,8.050000000
2,000919,7.750000000
2,000920,7.110000000
2,000921,11.350000000
2,000922,9.050000000
2,000923,16.560000000
2,000925,6.850000000
2,000926,6.750000000
2,000927,3.850000000
2,000928,5.550000000
2,000929,7.570000000
2,000930,7.120000000
2,000931,8.490000000
2,000932,4.540000000
2,000933,4.100000000
2,000935,14.520000000
2,000936,8.370000000
2,000937,3.740000000
2,000938,33.180000000
2,000939,1.050000000
2,000948,10.510000000
2,000949,2.900000000
2,000950,5.460000000
2,000951,16.620000000
2,000952,9.820000000
2,000953,3.380000000
2,000955,4.170000000
2,000957,7.120000000
2,000958,5.630000000
2,000959,3.400000000
2,000960,10.570000000
2,000961,8.620000000
2,000962,7.680000000
2,000963,28.400000000
2,000965,3.660000000
2,000966,5.110000000
2,000967,6.670000000
2,000968,11.030000000
2,000969,7.710000000
2,000970,10.080000000
2,000971,2.290000000
2,000972,2.570000000
2,000973,4.140000000
2,000975,14.470000000
2,000976,5.300000000
2,000977,21.340000000
2,000978,5.590000000
2,000979,0.220000000
2,000980,4.060000000
2,000981,1.650000000
2,000982,1.920000000
2,000983,6.130000000
2,000985,14.920000000
2,000987,9.420000000
2,000988,16.270000000
2,000989,8.460000000
2,000990,15.450000000
2,000993,7.430000000
2,000995,7.470000000
2,000996,13.150000000
2,000997,16.980000000
2,000998,13.530000000
2,000999,28.620000000
2,002001,21.020000000
2,002181,4.550000000
1,600000,11.900000000
1,600004,17.690000000
1,600006,5.090000000
1,600007,16.270000000
1,600008,3.480000000
1,600009,84.800000000
1,600010,1.590000000
1,600011,6.430000000
1,600012,5.860000000
1,600015,7.570000000
1,600016,6.040000000
1,600019,6.300000000
1,600020,4.630000000
1,600021,8.630000000
1,600026,6.370000000
1,600028,5.260000000
1,600029,7.370000000
1,600030,23.300000000
1,600031,14.200000000
1,600033,3.140000000
1,600035,3.530000000
1,600036,37.260000000
1,600037,9.740000000
1,600038,43.860000000
1,600039,3.480000000
1,600050,5.940000000
1,600051,6.280000000
1,600052,2.870000000
1,600053,23.200000000
1,600054,9.280000000
1,600055,9.640000000
1,600056,13.550000000
1,600057,4.340000000
1,600058,7.790000000
1,600059,8.820000000
1,600060,8.450000000
1,600061,14.200000000
1,600062,12.610000000
1,600063,3.140000000
1,600064,9.820000000
1,600066,13.170000000
1,600067,4.540000000
1,600068,6.080000000
1,600069,2.280000000
1,600070,8.170000000
1,600071,10.790000000
1,600072,15.300000000
1,600073,9.950000000
1,600074,1.040000000
1,600075,4.990000000
1,600076,4.280000000
1,600077,2.660000000
1,600078,6.110000000
1,600079,10.300000000
1,600080,6.230000000
1,600081,10.550000000
1,600082,4.330000000
1,600083,12.390000000
1,600084,2.190000000
1,600085,28.370000000
1,600086,3.610000000
1,600088,13.750000000
1,600089,6.990000000
1,600090,4.310000000
1,600091,3.710000000
1,600093,10.440000000
1,600094,7.530000000
1,600095,8.310000000
1,600096,6.000000000
1,600097,10.500000000
1,600098,6.320000000
1,600099,7.320000000
1,600100,9.150000000
1,600101,6.420000000
1,600103,2.270000000
1,600104,24.260000000
1,600105,4.180000000
1,600106,3.100000000
1,600107,6.380000000
1,600108,3.250000000
1,600109,9.410000000
1,600110,4.980000000
1,600111,11.180000000
1,600112,2.550000000
1,600113,7.220000000
1,600114,6.450000000
1,600115,5.960000000
1,600116,7.670000000
1,600117,3.620000000
1,600118,23.080000000
1,600119,5.760000000
1,600120,12.560000000
1,600121,2.570000000
1,600122,2.890000000
1,600123,7.070000000
1,600125,6.280000000
1,600126,4.440000000
1,600127,4.780000000
1,600128,7.660000000
1,600129,10.090000000
1,600130,3.710000000
1,600131,15.340000000
1,600132,42.440000000
1,600133,5.880000000
1,600135,8.020000000
1,600136,9.540000000
1,600137,16.560000000
1,600138,12.630000000
1,600139,3.750000000
1,600141,11.120000000
1,600145,1.870000000
1,600146,14.490000000
1,600148,15.970000000
1,600149,5.610000000
1,600150,23.900000000
1,600151,4.990000000
1,600152,5.510000000
1,600153,8.750000000
1,600155,12.430000000
1,600156,4.830000000
1,600157,1.600000000
1,600158,10.230000000
1,600159,2.730000000
1,600160,7.640000000
1,600161,26.150000000
1,600162,2.200000000
1,600163,3.870000000
1,600165,4.020000000
1,600166,2.180000000
1,600167,11.140000000
1,600168,6.740000000
1,600169,2.520000000
1,600170,3.810000000
1,600171,16.010000000
1,600172,3.480000000
1,600173,4.270000000
1,600175,2.200000000
1,600176,8.900000000
1,600177,6.350000000
1,600178,5.060000000
1,600179,2.710000000
1,600180,8.090000000
1,600182,16.820000000
1,600183,17.270000000
1,600184,11.950000000
1,600185,4.810000000
1,600186,1.690000000
1,600187,2.930000000
1,600188,10.380000000
1,600189,4.070000000
1,600190,3.280000000
1,600191,5.710000000
1,600192,5.780000000
1,600193,3.640000000
1,600195,10.660000000
1,600196,27.160000000
1,600197,17.680000000
1,600198,11.680000000
1,600199,6.300000000
1,600200,5.440000000
1,600201,14.870000000
1,600202,5.020000000
1,600203,5.740000000
1,600206,10.710000000
1,600207,4.640000000
1,600208,2.980000000
1,600209,3.280000000
1,600210,3.740000000
1,600211,31.090000000
1,600212,4.020000000
1,600213,9.760000000
1,600215,7.430000000
1,600216,11.590000000
1,600217,5.690000000
1,600218,12.630000000
1,600219,2.210000000
1,600220,2.290000000
1,600221,1.980000000
1,600222,4.450000000
1,600223,3.750000000
1,600225,3.310000000
1,600226,2.910000000
1,600227,2.710000000
1,600228,7.060000000
1,600229,7.080000000
1,600230,14.000000000
1,600231,2.960000000
1,600232,6.120000000
1,600233,12.400000000
1,600234,7.150000000
1,600235,5.160000000
1,600236,4.740000000
1,600237,4.260000000
1,600238,9.800000000
1,600239,3.010000000
1,600240,0.990000000
1,600241,5.880000000
1,600242,8.210000000
1,600243,4.410000000
1,600246,3.790000000
1,600247,4.380000000
1,600248,4.550000000
1,600249,4.420000000
1,600250,6.840000000
1,600251,5.720000000
1,600252,2.980000000
1,600255,1.750000000
1,600256,3.490000000
1,600257,4.410000000
1,600258,17.590000000
1,600259,34.200000000
1,600260,19.070000000
1,600261,4.060000000
1,600262,21.850000000
1,600265,25.900000000
1,600266,8.230000000
1,600267,9.660000000
1,600268,5.470000000
1,600269,4.360000000
1,600270,20.990000000
1,600271,23.000000000
1,600272,8.160000000
1,600273,11.050000000
1,600275,2.360000000
1,600276,67.090000000
1,600277,4.980000000
1,600278,12.200000000
1,600279,4.420000000
1,600280,3.360000000
1,600281,4.940000000
1,600282,3.330000000
1,600283,10.820000000
1,600284,7.440000000
1,600285,8.280000000
1,600287,6.500000000
1,600288,11.810000000
1,600289,2.630000000
1,600290,4.380000000
1,600291,9.440000000
1,600292,6.030000000
1,600293,4.600000000
1,600295,8.390000000
1,600297,4.100000000
1,600298,30.040000000
1,600299,11.580000000
1,600300,3.470000000
1,600301,6.700000000
1,600302,4.960000000
1,600303,4.380000000
1,600305,16.450000000
1,600306,6.640000000
1,600307,1.950000000
1,600308,4.440000000
1,600309,42.870000000
1,600310,4.680000000
1,600311,4.030000000
1,600312,7.960000000
1,600313,3.290000000
1,600315,30.700000000
1,600316,14.870000000
1,600317,2.700000000
1,600318,6.760000000
1,600319,5.780000000
1,600320,3.700000000
1,600321,1.830000000
1,600322,3.540000000
1,600323,17.400000000
1,600325,8.110000000
1,600326,7.200000000
1,600327,3.610000000
1,600328,8.300000000
1,600329,13.430000000
1,600330,7.150000000
1,600331,3.000000000
1,600332,38.450000000
1,600333,5.530000000
1,600335,6.930000000
1,600336,4.300000000
1,600337,3.950000000
1,600338,13.970000000
1,600339,3.740000000
1,600340,30.970000000
1,600343,10.250000000
1,600345,28.700000000
1,600346,11.430000000
1,600348,5.490000000
1,600350,4.820000000
1,600351,6.010000000
1,600352,15.150000000
1,600353,5.280000000
1,600354,5.750000000
1,600355,3.830000000
1,600356,7.440000000
1,600358,4.100000000
1,600359,6.600000000
1,600360,6.190000000
1,600361,3.920000000
1,600362,14.760000000
1,600363,12.470000000
1,600365,5.480000000
1,600366,7.360000000
1,600367,8.000000000
1,600368,5.280000000
1,600369,4.960000000
1,600370,3.090000000
1,600371,11.230000000
1,600372,15.260000000
1,600373,12.740000000
1,600375,4.930000000
1,600376,7.700000000
1,600377,10.200000000
1,600378,13.820000000
1,600379,5.860000000
1,600380,8.540000000
1,600381,5.790000000
1,600382,7.270000000
1,600383,12.310000000
1,600385,7.640000000
1,600386,3.940000000
1,600387,7.220000000
1,600388,12.660000000
1,600389,21.230000000
1,600390,9.050000000
1,600391,16.180000000
1,600392,9.730000000
1,600393,3.020000000
1,600395,6.010000000
1,600396,1.790000000
1,600397,2.480000000
1,600398,8.850000000
1,600399,3.070000000
1,600400,3.540000000
1,600401,0.150000000
1,600403,3.870000000
1,600405,4.730000000
1,600406,18.750000000
1,600408,2.420000000
1,600409,5.540000000
1,600410,11.300000000
1,600415,4.020000000
1,600416,5.670000000
1,600418,5.110000000
1,600419,14.450000000
1,600420,8.960000000
1,600421,9.570000000
1,600422,10.580000000
1,600423,3.030000000
1,600425,4.030000000
1,600426,14.990000000
1,600428,3.870000000
1,600429,5.790000000
1,600432,1.380000000
1,600433,3.660000000
1,600435,9.180000000
1,600436,105.590000000
1,600438,14.250000000
1,600439,3.390000000
1,600444,12.020000000
1,600446,20.530000000
1,600448,5.630000000
1,600449,8.760000000
1,600452,15.470000000
1,600455,27.930000000
1,600456,22.900000000
1,600458,8.810000000
1,600459,16.240000000
1,600460,15.080000000
1,600461,5.980000000
1,600462,1.500000000
1,600463,7.880000000
1,600466,6.350000000
1,600467,2.550000000
1,600468,3.860000000
1,600469,5.720000000
1,600470,4.930000000
1,600475,10.240000000
1,600476,17.840000000
1,600477,3.100000000
1,600478,5.020000000
1,600479,9.840000000
1,600480,8.190000000
1,600481,3.610000000
1,600483,8.220000000
1,600485,8.300000000
1,600486,53.910000000
1,600487,16.090000000
1,600488,4.130000000
1,600489,9.280000000
1,600490,4.760000000
1,600491,6.640000000
1,600493,6.070000000
1,600495,4.680000000
1,600496,2.780000000
1,600497,4.760000000
1,600498,26.850000000
1,600499,4.380000000
1,600500,5.550000000
1,600501,9.000000000
1,600502,4.230000000
1,600503,3.540000000
1,600505,6.900000000
1,600506,11.700000000
1,600507,9.140000000
1,600508,9.460000000
1,600509,5.050000000
1,600510,6.110000000
1,600511,22.660000000
1,600512,2.690000000
1,600513,7.120000000
1,600515,4.850000000
1,600516,11.500000000
1,600517,6.880000000
1,600518,3.400000000
1,600519,969.000000000
1,600520,12.160000000
1,600521,15.940000000
1,600522,8.850000000
1,600523,13.800000000
1,600525,5.700000000
1,600526,5.400000000
1,600527,2.200000000
1,600528,10.850000000
1,600529,22.110000000
1,600530,5.390000000
1,600531,4.930000000
1,600532,4.810000000
1,600533,3.410000000
1,600535,16.430000000
1,600536,49.770000000
1,600537,3.550000000
1,600538,5.530000000
1,600539,6.250000000
1,600540,4.470000000
1,600543,6.600000000
1,600545,6.660000000
1,600546,6.850000000
1,600547,40.950000000
1,600548,9.570000000
1,600549,12.890000000
1,600550,3.710000000
1,600551,8.910000000
1,600552,5.230000000
1,600555,2.790000000
1,600556,8.080000000
1,600557,14.890000000
1,600558,3.390000000
1,600559,12.720000000
1,600560,8.880000000
1,600561,6.380000000
1,600562,15.930000000
1,600563,42.890000000
1,600565,3.910000000
1,600566,31.330000000
1,600567,3.280000000
1,600568,1.880000000
1,600569,2.680000000
1,600570,70.490000000
1,600571,8.730000000
1,600572,6.500000000
1,600573,7.520000000
1,600575,2.760000000
1,600576,4.220000000
1,600577,2.920000000
1,600578,3.190000000
1,600579,9.700000000
1,600580,8.680000000
1,600581,3.470000000
1,600582,3.320000000
1,600583,5.370000000
1,600584,13.240000000
1,600585,40.500000000
1,600586,2.980000000
1,600587,16.910000000
1,600588,28.200000000
1,600589,4.720000000
1,600590,6.300000000
1,600592,15.250000000
1,600593,43.040000000
1,600594,4.960000000
1,600595,1.380000000
1,600596,10.350000000
1,600597,11.290000000
1,600598,10.200000000
1,600599,13.810000000
1,600602,7.760000000
1,600604,10.870000000
1,600605,12.160000000
1,600606,7.230000000
1,600608,4.310000000
1,600609,3.850000000
1,600610,3.260000000
1,600611,4.330000000
1,600612,45.650000000
1,600613,6.980000000
1,600614,2.130000000
1,600615,7.340000000
1,600616,5.810000000
1,600617,5.350000000
1,600618,8.500000000
1,600619,9.040000000
1,600620,7.170000000
1,600621,13.610000000
1,600622,4.700000000
1,600623,7.730000000
1,600624,9.730000000
1,600626,7.140000000
1,600628,7.270000000
1,600629,9.580000000
1,600630,7.580000000
1,600633,9.820000000
1,600634,1.960000000
1,600635,5.790000000
1,600636,10.560000000
1,600637,9.950000000
1,600638,8.040000000
1,600639,15.120000000
1,600640,11.780000000
1,600641,11.080000000
1,600642,5.770000000
1,600643,9.350000000
1,600644,6.160000000
1,600645,16.180000000
1,600647,14.810000000
1,600648,20.740000000
1,600649,6.360000000
1,600650,11.180000000
1,600651,3.150000000
1,600652,2.180000000
1,600653,2.230000000
1,600654,1.680000000
1,600655,8.110000000
1,600657,4.110000000
1,600658,4.640000000
1,600660,22.720000000
1,600661,20.950000000
1,600662,5.160000000
1,600663,15.080000000
1,600664,3.880000000
1,600665,3.870000000
1,600666,1.930000000
1,600667,7.580000000
1,600668,12.250000000
1,600671,12.860000000
1,600673,7.940000000
1,600674,9.140000000
1,600675,5.120000000
1,600676,4.720000000
1,600677,14.170000000
1,600678,5.230000000
1,600679,12.910000000
1,600680,7.690000000
1,600681,7.110000000
1,600682,11.930000000
1,600683,4.510000000
1,600684,3.900000000
1,600685,16.180000000
1,600686,8.090000000
1,600687,1.950000000
1,600688,4.750000000
1,600689,10.650000000
1,600690,16.920000000
1,600691,2.560000000
1,600692,7.230000000
1,600693,5.250000000
1,600694,27.700000000
1,600695,5.820000000
1,600696,8.930000000
1,600697,18.030000000
1,600698,2.940000000
1,600699,21.890000000
1,600701,2.490000000
1,600702,27.550000000
1,600703,11.360000000
1,600704,5.450000000
1,600705,5.190000000
1,600706,9.120000000
1,600707,5.720000000
1,600708,5.560000000
1,600710,5.830000000
1,600711,5.030000000
1,600712,4.810000000
1,600713,4.350000000
1,600714,6.170000000
1,600715,3.680000000
1,600716,3.960000000
1,600717,6.300000000
1,600718,11.990000000
1,600719,5.100000000
1,600720,8.780000000
1,600721,6.050000000
1,600722,6.410000000
1,600723,6.670000000
1,600724,3.720000000
1,600725,2.850000000
1,600726,1.780000000
1,600727,6.940000000
1,600728,9.330000000
1,600729,28.010000000
1,600730,5.350000000
1,600731,6.580000000
1,600732,7.690000000
1,600733,8.080000000
1,600734,8.950000000
1,600735,5.670000000
1,600736,7.220000000
1,600737,9.170000000
1,600738,6.240000000
1,600739,13.900000000
1,600740,8.730000000
1,600741,22.550000000
1,600742,11.140000000
1,600743,2.440000000
1,600744,3.120000000
1,600745,39.550000000
1,600746,6.990000000
1,600747,0.990000000
1,600748,9.030000000
1,600749,10.540000000
1,600750,12.240000000
1,600751,3.200000000
1,600753,16.990000000
1,600754,24.370000000
1,600755,8.180000000
1,600756,21.740000000
1,600757,6.700000000
1,600758,4.730000000
1,600759,3.450000000
1,600760,31.100000000
1,600761,9.480000000
1,600763,85.150000000
1,600764,27.970000000
1,600765,9.360000000
1,600766,8.610000000
1,600767,6.090000000
1,600768,10.770000000
1,600769,5.720000000
1,600770,6.200000000
1,600771,17.520000000
1,600773,6.330000000
1,600774,11.520000000
1,600775,11.420000000
1,600776,20.130000000
1,600777,2.030000000
1,600778,5.140000000
1,600779,48.020000000
1,600780,3.480000000
1,600781,8.160000000
1,600782,4.770000000
1,600783,15.290000000
1,600784,4.990000000
1,600785,15.810000000
1,600787,5.660000000
1,600789,6.750000000
1,600790,3.620000000
1,600791,3.940000000
1,600792,3.640000000
1,600793,18.530000000
1,600794,4.130000000
1,600795,2.550000000
1,600796,5.490000000
1,600797,8.790000000
1,600798,3.930000000
1,600800,5.590000000
1,600801,19.710000000
1,600802,7.960000000
1,600803,10.070000000
1,600804,7.130000000
1,600805,5.410000000
1,600806,1.470000000
1,600807,4.430000000
1,600808,2.930000000
1,600809,68.790000000
1,600810,8.550000000
1,600811,3.670000000
1,600812,4.420000000
1,600814,5.140000000
1,600815,3.090000000
1,600816,4.710000000
1,600817,7.810000000
1,600818,11.020000000
1,600819,4.740000000
1,600820,6.180000000
1,600821,4.000000000
1,600822,12.480000000
1,600823,4.080000000
1,600824,3.660000000
1,600825,4.680000000
1,600826,11.880000000
1,600827,9.160000000
1,600828,4.770000000
1,600829,6.690000000
1,600830,6.030000000
1,600831,9.790000000
1,600833,9.820000000
1,600834,7.380000000
1,600835,16.630000000
1,600836,4.120000000
1,600837,13.860000000
1,600838,6.870000000
1,600839,2.980000000
1,600841,7.710000000
1,600843,7.160000000
1,600844,4.500000000
1,600845,29.750000000
1,600846,8.370000000
1,600847,11.980000000
1,600848,35.800000000
1,601607,17.410000000
1,600850,20.550000000
1,600851,7.270000000
1,600853,4.710000000
1,600854,3.880000000
1,600855,14.670000000
1,600856,3.000000000
1,600857,9.660000000
1,600858,4.920000000
1,600859,15.220000000
1,600860,6.930000000
1,600861,8.640000000
1,600862,9.840000000
1,600863,3.070000000
1,600864,6.600000000
1,600865,5.900000000
1,600866,5.000000000
1,600867,15.510000000
1,600868,3.520000000
1,600869,4.530000000
1,600870,3.270000000
1,600871,2.370000000
1,600872,40.810000000
1,600873,4.840000000
1,600874,7.860000000
1,600875,10.310000000
1,600876,11.160000000
1,600877,6.800000000
1,600879,6.260000000
1,600880,3.810000000
1,600881,3.180000000
1,600882,11.180000000
1,600883,7.570000000
1,600884,10.860000000
1,600885,24.280000000
1,600886,8.460000000
1,600887,32.260000000
1,600888,5.270000000
1,600889,4.940000000
1,600890,5.870000000
1,600891,1.590000000
1,600892,5.080000000
1,600893,23.210000000
1,600894,7.650000000
1,600895,18.120000000
1,600896,4.490000000
1,600897,23.620000000
1,600898,8.070000000
1,600900,18.380000000
1,600960,3.630000000
1,600963,4.550000000
1,600966,4.090000000
1,600967,11.060000000
1,600969,6.760000000
1,600975,13.170000000
1,600976,15.390000000
1,600980,14.750000000
1,600985,11.370000000
1,600986,4.020000000
1,600988,5.340000000
1,600990,48.650000000
1,600992,7.760000000
1,600993,17.580000000
1,600995,7.550000000
1,600997,6.260000000
2,002017,11.320000000
2,002002,5.310000000
2,002003,6.390000000
2,002004,4.790000000
2,002005,1.460000000
2,002006,4.930000000
2,002007,31.070000000
2,002008,28.430000000
2,002009,8.700000000
2,002010,7.960000000
2,002011,5.010000000
2,002012,5.050000000
2,002013,6.900000000
2,002014,7.060000000
2,002015,5.500000000
2,002016,8.270000000
2,002018,0.970000000
2,002019,11.590000000
2,002020,12.380000000
2,002021,1.680000000
2,002022,9.420000000
2,002023,11.720000000
2,002024,10.730000000
2,002025,25.950000000
2,002026,5.630000000
2,002027,4.860000000
2,002028,10.540000000
2,002029,6.280000000
2,002030,11.060000000
2,002031,2.010000000
2,002032,70.200000000
2,002033,5.890000000
2,002034,15.260000000
2,002035,11.750000000
2,002036,10.780000000
2,002037,7.700000000
2,002038,14.120000000
1,600022,1.600000000
1,600143,5.260000000
1,600482,24.200000000
1,600961,8.690000000
1,600962,8.830000000
1,600965,9.810000000
1,600971,5.540000000
1,600973,3.820000000
1,600978,3.590000000
1,600979,4.210000000
1,600981,3.980000000
1,600982,3.260000000
1,600983,5.520000000
1,600984,8.780000000
1,600987,6.440000000
1,600027,3.840000000
2,002039,13.830000000
2,002040,8.050000000
1,600970,6.360000000
2,002041,8.540000000
2,002042,6.850000000
2,002043,5.790000000
2,002044,11.920000000
2,002045,5.840000000
2,002046,7.800000000
2,002047,5.550000000
2,002048,10.450000000
2,002049,47.960000000
2,002050,10.910000000
2,300150,4.700000000
2,002051,11.230000000
2,002052,4.290000000
2,002053,7.470000000
1,601001,4.570000000
1,601988,3.700000000
2,002054,9.570000000
2,002055,10.590000000
2,002056,6.780000000
1,600048,14.230000000
2,002057,10.010000000
2,002058,13.360000000
2,002059,6.300000000
1,601006,7.860000000
2,002060,3.020000000
2,002061,5.580000000
2,002062,3.630000000
2,002063,8.900000000
2,002064,5.620000000
2,002065,6.810000000
2,002066,8.540000000
1,601111,9.000000000
2,002067,3.320000000
2,002068,5.850000000
2,300016,9.470000000
2,300271,19.230000000
1,601699,8.000000000
2,002069,3.170000000
2,002279,6.220000000
2,002070,0.710000000
2,002071,3.570000000
2,002072,4.700000000
1,601588,3.720000000
2,002073,6.520000000
1,600017,3.060000000
2,002074,12.960000000
2,002075,7.230000000
2,002076,2.770000000
1,601398,5.680000000
2,002079,7.430000000
2,002078,7.160000000
2,002077,6.590000000
1,600018,7.280000000
2,002080,10.310000000
2,002081,10.910000000
2,002082,9.920000000
1,601666,4.350000000
2,002083,5.800000000
2,002084,5.030000000
2,002085,6.960000000
2,002086,3.530000000
2,002087,3.800000000
2,002088,12.850000000
2,002089,2.120000000
1,601872,4.120000000
2,002090,10.570000000
2,002091,5.380000000
2,002092,7.290000000
1,601991,3.000000000
2,002095,21.810000000
2,002094,5.040000000
2,002093,9.130000000
2,002102,2.230000000
2,002101,6.700000000
2,002099,7.220000000
2,002100,10.710000000
2,002097,6.050000000
2,002096,5.980000000
2,002098,5.530000000
2,002103,4.410000000
2,002105,4.950000000
1,601333,3.180000000
2,002104,6.730000000
2,002110,8.570000000
2,002108,3.830000000
2,002106,7.740000000
2,002109,4.080000000
1,601002,7.020000000
1,601628,30.470000000
2,002107,8.060000000
2,002111,13.660000000
2,002121,4.470000000
2,002112,6.950000000
2,002114,8.220000000
2,002115,8.290000000
2,002120,35.920000000
2,002113,1.780000000
2,002116,9.280000000
2,002117,10.510000000
1,601166,19.280000000
2,002118,6.480000000
2,002119,14.270000000
1,601003,5.370000000
2,002124,16.160000000
1,601005,1.900000000
1,601318,90.010000000
2,002123,15.000000000
1,601007,11.190000000
2,002125,5.610000000
2,300318,4.040000000
2,002122,2.180000000
2,002126,7.190000000
1,601008,4.470000000
2,002130,4.980000000
2,002129,10.250000000
2,002127,10.540000000
2,002131,1.790000000
2,002132,2.900000000
2,002134,7.460000000
2,002135,5.380000000
2,002136,8.860000000
2,002133,3.290000000
2,000338,12.490000000
2,002128,8.450000000
1,601998,5.850000000
2,002139,5.840000000
1,601328,5.790000000
1,601600,3.760000000
2,002137,6.400000000
2,002138,20.610000000
2,002170,3.430000000
2,002140,7.990000000
1,601919,4.790000000
1,601168,5.800000000
2,002144,10.310000000
2,002143,1.200000000
2,002141,3.820000000
2,002142,23.890000000
1,601009,8.720000000
2,002153,34.870000000
2,002146,9.060000000
2,002159,15.030000000
2,002148,5.780000000
2,002150,5.420000000
2,002152,6.740000000
2,002149,9.250000000
2,002147,1.940000000
2,002157,19.880000000
2,002155,9.220000000
2,002151,23.030000000
2,002156,8.420000000
2,002145,4.060000000
2,002158,8.790000000
2,002168,8.200000000
2,002160,3.300000000
2,002161,7.170000000
2,002254,10.190000000
2,002154,3.160000000
2,002164,4.130000000
2,002162,3.420000000
2,002163,4.810000000
2,002169,5.940000000
2,002167,6.800000000
2,002175,2.070000000
2,002171,5.840000000
2,002165,4.920000000
2,002192,18.000000000
2,002166,7.820000000
2,002172,3.910000000
2,002174,15.400000000
1,601169,5.650000000
2,002173,6.410000000
2,002176,4.410000000
2,002179,37.280000000
2,002177,5.570000000
2,002180,24.400000000
1,601939,7.420000000
2,002178,3.600000000
1,601808,10.260000000
2,300477,8.440000000
2,002183,4.450000000
2,002185,5.170000000
2,002182,8.910000000
2,002184,10.350000000
1,601088,19.170000000
2,002189,23.270000000
1,601857,6.460000000
2,002188,3.150000000
2,002187,8.450000000
2,002186,11.290000000
2,002196,5.900000000
2,002208,7.770000000
2,002193,9.400000000
2,002190,18.770000000
2,002191,12.110000000
2,002194,16.330000000
2,002195,3.700000000
2,300213,6.510000000
2,002200,5.750000000
2,002199,13.340000000
2,002198,6.500000000
1,601390,6.420000000
1,601918,3.060000000
2,002197,7.520000000
2,002201,10.680000000
2,002203,9.930000000
1,601999,5.940000000
2,002202,12.490000000
1,601866,2.740000000
2,002204,3.530000000
2,002205,19.190000000
1,601601,38.690000000
2,002207,6.220000000
2,002206,3.860000000
2,002209,6.880000000
2,002210,1.470000000
2,002211,6.320000000
2,002213,7.510000000
1,601099,3.780000000
2,002212,15.220000000
2,002216,10.240000000
1,601899,3.560000000
2,002215,6.600000000
2,002214,9.310000000
2,002226,5.320000000
2,002217,5.370000000
2,002218,3.050000000
2,002222,11.410000000
1,601898,4.680000000
2,002221,8.520000000
2,002220,1.420000000
2,002224,5.650000000
2,002219,2.760000000
1,601958,6.990000000
1,601186,10.020000000
2,002223,23.000000000
2,002225,4.880000000
2,002228,4.590000000
2,002227,11.280000000
2,002244,4.170000000
2,002230,33.750000000
2,002237,15.050000000
2,002235,8.260000000
2,002232,8.950000000
2,002231,7.430000000
2,002249,4.110000000
2,002229,7.070000000
2,002253,14.620000000
2,002234,33.310000000
2,002246,8.410000000
2,002233,11.320000000
2,002243,13.770000000
2,002236,16.140000000
2,002265,10.330000000
2,002252,6.960000000
2,002240,7.760000000
2,002247,3.050000000
2,002239,1.800000000
2,002238,7.780000000
2,002242,19.860000000
2,002245,3.880000000
2,002241,11.670000000
2,002248,8.960000000
2,002263,2.020000000
2,002274,7.610000000
2,002251,7.620000000
2,002256,2.700000000
2,002261,5.590000000
2,002255,4.090000000
2,002259,2.040000000
2,002262,11.530000000
2,002264,5.380000000
2,002260,3.150000000
2,002258,12.800000000
2,002250,11.070000000
1,601668,6.030000000
2,002267,7.830000000
2,002268,25.380000000
2,002271,23.640000000
2,002269,2.390000000
2,002270,5.550000000
2,002272,4.910000000
2,002266,4.560000000
2,002275,13.790000000
2,002273,10.750000000
2,002396,26.180000000
1,601107,3.890000000
1,601766,7.890000000
1,601788,11.550000000
2,002276,5.790000000
2,002282,9.470000000
2,002284,4.980000000
2,002283,3.750000000
2,002362,16.350000000
2,002277,3.310000000
1,601727,5.420000000
2,002278,6.180000000
2,002461,6.100000000
2,002280,3.540000000
2,002285,4.230000000
2,002281,26.410000000
2,002287,20.600000000
2,002286,5.640000000
2,002288,5.100000000
2,002289,6.920000000
2,300370,3.330000000
2,002290,4.950000000
2,002296,7.400000000
2,002295,7.880000000
2,002291,4.910000000
2,002300,6.940000000
2,002292,6.140000000
2,002293,9.560000000
2,002294,22.110000000
1,600999,16.940000000
2,002297,7.540000000
2,300002,3.760000000
2,002599,9.230000000
1,601126,5.990000000
1,601633,8.460000000
2,002467,5.920000000
2,002446,8.680000000
2,002448,5.370000000
2,002438,7.560000000
2,002490,4.470000000
2,002419,13.050000000
2,300445,13.590000000
2,300353,13.220000000
2,300444,6.710000000
2,002298,7.580000000
2,002506,6.520000000
1,601888,89.180000000
2,002299,26.580000000
2,002301,11.820000000
2,002489,3.290000000
1,601989,5.880000000
2,002304,121.660000000
2,002306,2.880000000
2,002365,8.870000000
2,002302,11.550000000
2,002307,6.390000000
2,002350,5.920000000
2,002315,16.200000000
2,002305,2.490000000
2,002303,4.600000000
2,002308,4.740000000
2,002756,14.280000000
2,002310,5.810000000
1,601139,5.760000000
2,002309,6.970000000
2,002311,29.000000000
2,002312,3.470000000
2,002523,3.190000000
1,601618,2.950000000
2,002313,17.840000000
2,002314,3.000000000
2,002316,7.300000000
2,002356,2.570000000
1,601117,5.870000000
2,002318,7.650000000
2,002327,6.940000000
2,002317,8.630000000
2,002319,11.780000000
2,002474,7.960000000
2,002321,6.620000000
2,300010,9.220000000
2,300001,19.190000000
2,002325,3.030000000
2,002331,10.830000000
2,300004,4.630000000
2,300008,3.310000000
2,300003,25.460000000
2,300006,4.470000000
2,300007,13.460000000
2,300014,30.830000000
2,300009,16.030000000
2,300011,6.680000000
2,300005,3.990000000
2,300013,9.130000000
1,601801,5.810000000
2,002328,3.990000000
2,300023,7.860000000
2,300012,11.460000000
2,300018,5.920000000
2,300071,3.180000000
2,300017,10.720000000
2,300015,30.630000000
2,300019,7.330000000
2,300020,8.360000000
2,300028,0.770000000
2,300022,4.490000000
2,300024,15.760000000
2,300021,5.490000000
2,300033,92.940000000
2,002320,8.820000000
1,601877,24.300000000
2,300027,4.630000000
2,300026,3.400000000
2,300025,6.110000000
2,002324,10.010000000
2,002322,12.450000000
2,002323,1.310000000
2,002326,8.650000000
2,002330,7.550000000
2,002329,4.570000000
2,002333,4.290000000
2,002332,6.680000000
2,002334,4.930000000
2,002336,5.810000000
2,002337,3.870000000
2,002335,17.640000000
2,002338,13.900000000
2,002340,4.470000000
2,002561,8.500000000
2,002339,6.300000000
2,002341,5.050000000
2,002344,4.520000000
2,300031,12.070000000
2,300139,9.790000000
2,002342,3.350000000
2,002538,5.620000000
2,002343,7.760000000
2,002345,4.150000000
2,002346,11.780000000
2,002347,4.640000000
2,002348,3.330000000
2,002381,8.180000000
2,300034,15.890000000
2,300032,3.120000000
2,002349,5.730000000
1,601678,6.440000000
2,002351,5.840000000
2,002352,36.250000000
2,002591,7.770000000
2,002355,6.750000000
2,002353,26.470000000
2,300029,6.990000000
2,002354,3.020000000
2,300035,5.590000000
2,300247,3.010000000
2,300036,16.100000000
2,300030,5.770000000
2,002359,2.870000000
2,002358,8.730000000
2,002549,5.680000000
2,300041,9.320000000
2,300038,9.110000000
2,300037,23.030000000
2,002357,6.360000000
2,002455,6.340000000
2,002370,11.850000000
2,002375,5.310000000
1,601688,21.400000000
2,002369,7.950000000
2,300040,5.850000000
1,601058,3.650000000
2,002360,5.850000000
2,002364,9.790000000
2,300039,4.430000000
2,002367,7.360000000
2,002366,8.540000000
1,601179,3.610000000
2,002361,4.150000000
2,002368,27.370000000
2,002374,3.060000000
2,300042,14.560000000
2,300045,8.920000000
2,300049,8.150000000
2,300047,8.110000000
2,002371,64.920000000
2,300048,2.770000000
2,002373,16.320000000
2,002380,13.700000000
2,002566,6.420000000
2,002372,16.310000000
2,002376,12.210000000
2,002397,5.250000000
1,601106,3.120000000
2,002378,6.130000000
2,300050,5.660000000
2,300044,6.980000000
2,300046,18.380000000
2,300043,5.250000000
1,603199,22.260000000
2,002383,10.630000000
2,002363,5.540000000
2,002379,3.380000000
2,002382,13.130000000
2,002421,3.460000000
2,300277,6.870000000
2,300051,6.440000000
2,002392,3.600000000
2,002630,2.770000000
2,002385,5.530000000
2,002384,16.090000000
2,002386,6.530000000
2,002377,4.150000000
2,300052,9.830000000
2,300054,8.790000000
2,300264,5.140000000
2,002394,9.680000000
2,002393,23.700000000
1,601158,5.530000000
2,002388,7.620000000
2,300053,11.080000000
2,300057,5.700000000
2,300055,6.750000000
2,300056,6.580000000
2,300058,4.950000000
2,002407,14.020000000
2,002387,14.370000000
2,002395,26.230000000
2,002389,10.940000000
2,002398,6.000000000
2,002390,5.850000000
2,002391,7.860000000
1,601101,5.940000000
2,002399,19.750000000
2,002410,33.600000000
2,002408,7.650000000
2,002401,11.520000000
2,002400,2.920000000
2,002404,5.770000000
2,002406,5.640000000
2,300059,14.380000000
2,002808,8.520000000
2,002405,14.840000000
2,002403,8.290000000
2,002402,9.500000000
2,002409,17.460000000
2,002412,13.060000000
1,601010,3.380000000
2,002411,18.340000000
2,300061,5.990000000
2,002416,5.590000000
2,002415,30.240000000
2,002414,19.160000000
2,002413,6.240000000
2,300098,7.240000000
2,300062,5.870000000
2,300087,8.650000000
2,300066,4.770000000
2,002433,4.690000000
2,002417,6.050000000
2,002425,5.900000000
2,300063,3.200000000
2,300065,12.720000000
2,300064,4.120000000
2,300068,11.240000000
2,002418,3.520000000
2,002420,3.190000000
1,601369,6.640000000
2,002422,32.350000000
2,002423,9.130000000
2,002428,6.760000000
2,002442,6.570000000
2,002424,9.050000000
2,002426,2.760000000
2,002427,12.650000000
2,002431,3.500000000
2,002456,8.380000000
1,601188,3.240000000
1,601518,2.820000000
2,002644,6.690000000
2,002430,11.970000000
2,002447,3.490000000
2,002459,11.490000000
2,300073,24.370000000
2,300070,6.540000000
2,002432,5.630000000
2,002429,2.930000000
2,002434,6.500000000
2,002436,6.510000000
2,300076,5.430000000
2,300072,7.710000000
2,300105,4.710000000
2,300069,14.200000000
2,300067,4.380000000
2,002435,4.230000000
2,002440,12.340000000
2,002437,3.620000000
2,002443,7.190000000
2,002622,2.980000000
2,300080,5.960000000
2,300075,12.710000000
2,002613,2.830000000
2,300078,9.780000000
2,300074,4.270000000
2,300079,5.260000000
2,300083,2.970000000
2,002439,28.700000000
1,603002,4.040000000
1,601012,25.640000000
2,300077,7.310000000
2,300082,6.290000000
2,002469,4.160000000
2,002441,8.000000000
2,300235,10.720000000
2,300084,5.460000000
2,002444,10.660000000
2,002492,5.000000000
2,002466,23.220000000
2,002445,1.580000000
2,300238,19.330000000
2,300086,5.360000000
2,300101,9.580000000
1,601118,5.030000000
2,002449,12.350000000
2,300091,4.210000000
2,300081,8.210000000
2,002450,3.520000000
2,002458,26.350000000
2,002451,9.570000000
2,300272,5.290000000
2,300088,5.630000000
2,300090,2.020000000
2,300096,8.570000000
2,002457,8.550000000
2,002529,7.180000000
1,601000,2.650000000
2,002452,4.180000000
2,002454,4.770000000
2,002453,5.990000000
2,002460,22.150000000
2,300085,12.350000000
1,601717,5.900000000
2,300179,5.180000000
2,300097,10.950000000
2,002463,15.950000000
2,002462,15.060000000
2,300099,6.560000000
2,300093,7.780000000
2,002464,6.940000000
1,601718,3.920000000
2,300253,13.510000000
2,300094,4.270000000
2,300089,3.880000000
2,300124,24.080000000
2,300152,4.260000000
2,300321,15.300000000
2,300095,6.180000000
2,300245,10.070000000
2,300092,7.500000000
2,300100,6.960000000
2,002496,2.750000000
2,300103,10.420000000
2,300102,5.470000000
2,002465,9.380000000
1,601018,4.390000000
2,002484,6.050000000
2,300126,5.590000000
1,601288,3.590000000
2,002468,29.860000000
2,300104,1.690000000
2,300110,4.150000000
2,300173,4.680000000
2,002476,5.920000000
2,002470,3.250000000
2,300107,8.460000000
2,300305,8.990000000
1,601177,11.040000000
1,603003,8.070000000
1,601377,6.540000000
2,300106,8.060000000
2,300113,14.990000000
2,300114,10.320000000
2,300112,8.250000000
2,300133,6.300000000
2,300129,3.990000000
2,300118,11.480000000
2,300116,1.590000000
2,300109,15.850000000
2,300111,2.600000000
2,300117,4.010000000
2,002478,6.470000000
2,002471,2.920000000
2,300156,2.460000000
2,300115,11.560000000
2,300108,6.530000000
2,002473,7.980000000
2,002527,5.000000000
2,002530,8.610000000
2,002614,15.800000000
2,002472,5.070000000
2,002569,8.170000000
2,002595,19.880000000
2,002475,21.660000000
1,601098,12.070000000
2,300120,6.350000000
2,300128,4.140000000
2,002479,6.030000000
2,002477,0.930000000
2,002480,4.660000000
2,002481,7.150000000
2,300121,7.600000000
2,300119,11.780000000
1,601818,3.870000000
2,300125,13.060000000
2,002486,3.320000000
2,002485,6.580000000
2,002482,5.560000000
2,002500,8.280000000
2,002521,5.530000000
2,300123,8.120000000
2,300122,47.340000000
2,002488,8.040000000
2,002487,4.060000000
2,002495,3.130000000
2,002615,5.620000000
2,300127,15.950000000
1,600998,12.030000000
2,002518,8.470000000
2,002493,11.350000000
2,002491,6.920000000
1,601028,4.990000000
2,002483,4.090000000
2,300134,14.110000000
2,300130,16.080000000
2,300135,2.810000000
2,300329,7.350000000
2,002497,6.430000000
2,002494,5.270000000
1,601996,3.060000000
2,300401,17.190000000
2,300131,5.330000000
2,002498,2.890000000
2,300137,8.050000000
2,300132,10.380000000
2,002643,11.000000000
2,002805,12.280000000
2,300138,7.050000000
2,300136,27.790000000
2,002889,23.830000000
2,300142,27.550000000
2,002499,4.220000000
2,002501,1.260000000
2,002502,3.170000000
2,300141,6.790000000
2,300140,10.420000000
2,002511,13.280000000
2,002510,4.010000000
2,002505,1.850000000
2,002504,3.190000000
2,002554,3.510000000
2,002508,26.000000000
2,002738,17.120000000
2,300154,5.420000000
2,300331,18.930000000
2,002509,1.780000000
2,002503,2.580000000
2,300144,25.060000000
2,300143,8.440000000
2,300325,4.540000000
2,002514,6.000000000
2,002507,28.220000000
2,002513,5.430000000
1,601777,3.720000000
1,601880,2.060000000
2,002515,4.920000000
2,300145,3.900000000
2,300148,3.900000000
2,002520,7.230000000
2,002512,4.780000000
2,300168,11.180000000
2,300158,5.550000000
2,002516,2.960000000
2,002517,2.960000000
1,603167,9.290000000
2,002519,4.310000000
1,601558,1.190000000
2,300157,5.200000000
2,002522,7.030000000
2,300146,18.610000000
2,300149,14.110000000
2,002743,5.910000000
2,002547,9.350000000
2,300155,5.190000000
2,300151,6.840000000
2,002606,5.820000000
2,002524,5.000000000
2,002528,3.880000000
2,300147,6.470000000
2,300153,6.650000000
2,002526,2.210000000
2,002532,6.290000000
2,002534,6.380000000
2,002531,5.810000000
2,300169,5.330000000
2,300162,7.160000000
2,300161,15.210000000
2,002540,4.430000000
2,002702,4.960000000
2,002567,13.850000000
1,601933,9.780000000
2,300191,28.930000000
2,300159,4.620000000
2,300165,6.340000000
2,300223,33.400000000
2,002535,3.400000000
2,002609,8.220000000
2,300164,5.770000000
2,300163,4.180000000
2,300160,3.730000000
2,002536,5.140000000
2,002557,27.200000000
2,002539,5.020000000
1,601890,6.320000000
2,002533,5.030000000
2,300170,12.720000000
2,300174,19.860000000
2,300166,11.780000000
2,300167,5.890000000
2,002537,6.770000000
2,300172,5.440000000
2,300171,7.660000000
2,300194,5.000000000
2,300175,5.520000000
2,300180,9.080000000
2,002545,6.290000000
2,002550,4.680000000
2,002544,12.280000000
2,002541,7.590000000
1,601116,14.060000000
2,002570,5.680000000
2,002551,4.990000000
2,300177,7.820000000
2,300178,5.550000000
2,300176,10.780000000
2,002542,4.100000000
2,300181,5.450000000
1,601700,5.670000000
1,601137,10.380000000
2,300216,3.810000000
2,300193,7.820000000
2,300183,13.800000000
2,300197,3.310000000
2,002543,9.630000000
1,601519,6.440000000
2,002552,8.040000000
2,002546,4.130000000
1,601799,75.440000000
2,300184,8.120000000
2,300182,3.890000000
2,002769,9.060000000
1,601616,3.400000000
2,300340,14.280000000
2,300203,22.550000000
2,002558,17.960000000
2,002555,13.340000000
2,002548,12.130000000
2,300229,10.300000000
2,002706,6.170000000
2,002559,6.690000000
1,601216,3.240000000
1,601789,4.030000000
2,002553,6.010000000
2,300205,12.540000000
2,300220,35.500000000
2,300198,3.600000000
2,300188,17.540000000
2,300195,8.050000000
2,300196,9.300000000
2,300187,5.340000000
2,300345,7.430000000
2,300185,1.880000000
2,002556,5.360000000
2,300190,7.660000000
1,601011,5.730000000
2,002560,5.550000000
1,601258,1.270000000
2,002565,7.110000000
2,002577,10.160000000
2,300375,3.700000000
2,300211,6.890000000
2,300192,9.340000000
2,300189,3.560000000
1,601992,3.520000000
2,002563,10.880000000
1,601199,3.840000000
2,300204,11.360000000
2,300214,7.160000000
2,300199,8.400000000
2,300200,9.490000000
2,002562,4.520000000
2,002564,5.320000000
2,002571,5.530000000
2,002568,19.110000000
2,300201,5.280000000
2,300366,9.680000000
1,603328,9.840000000
2,002579,10.280000000
2,002581,6.060000000
1,601218,2.940000000
2,002572,18.810000000
2,002573,7.300000000
2,002574,5.450000000
2,002576,11.380000000
1,603006,12.130000000
2,002575,7.110000000
2,300282,11.530000000
2,300202,7.240000000
2,300206,7.390000000
2,300210,4.110000000
2,300208,8.700000000
2,300209,13.410000000
2,002580,5.510000000
1,601566,11.750000000
1,601113,7.360000000
2,002578,3.390000000
2,300207,12.280000000
2,300212,26.580000000
1,601233,12.750000000
1,601208,4.960000000
2,300402,10.740000000
2,300218,7.420000000
2,002584,5.300000000
2,002582,9.640000000
1,601222,4.370000000
2,300225,5.740000000
2,300215,6.650000000
2,300257,10.410000000
2,300219,5.630000000
2,300222,11.800000000
2,300217,2.520000000
2,300221,6.050000000
2,002583,9.420000000
1,601599,2.900000000
2,002590,7.340000000
2,300231,7.060000000
2,002592,14.110000000
2,300227,12.140000000
2,300224,7.330000000
2,300228,5.780000000
2,300249,6.390000000
2,300226,77.000000000
2,300240,6.980000000
2,300381,10.080000000
2,002585,5.080000000
1,601311,10.250000000
2,002586,3.650000000
2,300230,4.060000000
2,300232,8.980000000
2,300234,10.140000000
1,601798,6.240000000
2,002589,7.690000000
2,002587,6.040000000
2,300233,19.660000000
2,300236,35.590000000
2,300237,3.430000000
2,002778,17.940000000
2,002588,4.350000000
1,601567,5.880000000
2,002783,11.590000000
2,002605,9.980000000
2,002594,56.800000000
2,002604,1.960000000
2,300239,4.310000000
2,002593,3.850000000
2,002596,7.160000000
2,002734,15.480000000
2,002626,14.180000000
2,002600,6.090000000
2,002601,14.000000000
2,002597,20.750000000
2,002598,6.710000000
2,300242,3.820000000
2,300258,11.860000000
2,300241,6.810000000
1,601901,6.960000000
2,002607,13.820000000
2,002602,10.600000000
2,300243,8.230000000
2,300244,19.830000000
2,002603,10.990000000
2,300248,7.990000000
2,300250,13.770000000
2,300246,12.690000000
2,002620,5.810000000
1,603456,8.840000000
2,300251,8.700000000
2,002627,7.080000000
2,002608,8.100000000
2,300254,8.020000000
2,300256,4.140000000
2,300255,6.490000000
1,601636,3.710000000
2,300260,12.820000000
2,300252,9.670000000
2,002830,16.830000000
2,002717,5.050000000
2,002618,13.150000000
1,603197,19.430000000
2,300265,8.330000000
2,300267,5.500000000
2,300259,3.530000000
2,300303,3.620000000
2,002629,2.020000000
2,002610,1.760000000
2,300284,9.270000000
1,601908,3.330000000
1,601886,7.690000000
2,300269,4.190000000
2,300273,5.900000000
2,300261,4.810000000
2,002611,4.540000000
1,603518,8.370000000
2,300268,15.100000000
2,300263,4.650000000
2,300294,32.350000000
2,002616,6.980000000
2,300262,6.160000000
2,300270,6.790000000
1,601677,10.220000000
2,002612,8.670000000
2,002624,24.500000000
2,002621,13.160000000
2,002619,3.160000000
2,002745,11.970000000
2,002641,4.840000000
2,002617,5.820000000
2,300266,3.970000000
1,601669,5.000000000
2,300274,10.520000000
1,601100,29.890000000
2,300283,4.830000000
2,300275,10.170000000
2,002628,5.030000000
2,002625,9.550000000
1,603686,16.790000000
2,002623,14.700000000
1,601225,8.990000000
2,002637,6.960000000
2,002636,8.510000000
1,601555,10.110000000
2,300278,5.270000000
2,002634,5.970000000
2,002640,7.070000000
2,002631,7.710000000
2,002633,8.860000000
2,300276,8.840000000
2,300280,16.320000000
1,603001,10.140000000
1,601800,11.200000000
2,002635,14.280000000
2,300293,8.550000000
2,002632,6.620000000
2,002648,13.960000000
2,300279,5.180000000
2,002646,12.520000000
2,002639,10.090000000
2,002645,9.100000000
2,300285,19.220000000
2,300281,5.690000000
1,601928,7.740000000
2,002673,9.770000000
2,002638,2.830000000
2,002647,16.150000000
2,300286,9.480000000
2,300295,12.030000000
2,300288,12.420000000
2,002668,4.580000000
2,002642,5.200000000
2,002651,4.670000000
1,603599,14.090000000
2,300324,5.320000000
2,300350,5.470000000
2,300287,3.940000000
2,300290,6.150000000
1,601313,63.240000000
2,002649,8.320000000
2,002664,14.280000000
2,300298,10.980000000
2,002655,8.850000000
2,002656,4.940000000
1,601368,6.110000000
1,601336,55.730000000
2,002667,7.190000000
2,300289,5.740000000
2,300532,14.820000000
2,300483,38.060000000
2,002662,3.130000000
2,002688,4.970000000
2,300291,6.130000000
2,002652,4.090000000
1,603729,15.680000000
2,300297,5.740000000
2,002650,3.850000000
2,300292,5.630000000
2,002666,4.460000000
1,601929,2.310000000
2,300358,7.200000000
2,300310,5.800000000
2,300307,7.130000000
2,002654,4.070000000
2,002653,16.750000000
1,601339,4.230000000
2,300309,6.050000000
2,300301,4.290000000
2,300296,7.050000000
2,300304,3.680000000
2,300306,9.480000000
2,002672,10.510000000
2,002663,2.890000000
1,601388,2.000000000
1,601515,8.110000000
2,300326,9.900000000
1,601231,12.400000000
2,002657,16.680000000
2,300300,9.600000000
2,002660,8.610000000
2,002669,14.180000000
2,002658,7.460000000
2,002674,12.830000000
2,002661,13.010000000
2,002659,7.510000000
2,300320,4.660000000
2,300313,5.710000000
2,300314,8.380000000
2,002670,11.120000000
1,603123,5.810000000
2,300327,24.360000000
1,601965,6.810000000
1,603333,9.540000000
2,002675,11.550000000
2,300311,7.000000000
2,002799,13.610000000
2,002677,12.970000000
2,002676,3.340000000
1,603861,9.940000000
2,300302,9.940000000
2,300308,37.160000000
2,300330,10.250000000
1,601038,7.670000000
2,300317,4.650000000
2,300312,6.240000000
2,300315,3.400000000
2,300299,5.770000000
1,603000,17.290000000
1,603128,10.220000000
2,002671,4.560000000
2,002665,3.220000000
2,002696,6.020000000
2,002699,5.450000000
2,002685,5.630000000
2,002682,4.660000000
1,603077,1.950000000
1,603168,7.740000000
2,002692,3.060000000
2,300316,12.080000000
2,300319,6.420000000
1,603366,4.490000000
2,002690,31.410000000
2,002678,7.260000000
2,002691,7.340000000
2,002851,20.900000000
2,300342,9.510000000
2,300322,16.250000000
2,300339,14.000000000
2,300400,13.890000000
2,300333,9.920000000
2,002679,15.110000000
2,002689,4.180000000
2,300336,3.970000000
1,603008,10.680000000
2,300334,7.220000000
2,300397,19.870000000
2,300348,13.900000000
2,300338,9.270000000
2,002701,4.650000000
1,603399,10.430000000
2,300337,3.460000000
2,002711,1.140000000
2,002687,5.750000000
2,002694,3.580000000
2,002680,1.510000000
2,300332,4.210000000
2,300328,11.070000000
2,300349,15.080000000
2,300344,4.270000000
2,002698,8.650000000
2,300323,5.920000000
2,300335,6.070000000
2,002752,5.940000000
1,603766,3.970000000
2,300347,51.970000000
2,300341,5.420000000
2,002681,4.340000000
2,002686,6.110000000
2,002683,13.090000000
2,300346,10.370000000
2,300362,3.410000000
2,300343,3.600000000
2,002684,3.230000000
2,002693,4.470000000
1,603126,5.160000000
2,300383,19.020000000
1,603993,3.620000000
1,603288,101.460000000
2,300371,11.680000000
2,300389,11.840000000
2,002718,17.470000000
2,002715,16.180000000
2,002716,7.250000000
2,002713,8.890000000
2,002723,9.940000000
2,002792,24.960000000
2,002727,24.010000000
1,601608,4.030000000
1,601238,11.230000000
2,300352,5.520000000
2,002709,16.700000000
2,002725,11.040000000
1,603555,4.810000000
2,002746,16.650000000
2,002708,8.680000000
2,002695,13.540000000
2,300382,5.620000000
2,002714,71.360000000
2,002815,14.920000000
2,002703,5.920000000
2,002722,15.040000000
2,300356,6.800000000
1,603699,10.910000000
1,601016,2.460000000
1,603166,6.160000000
2,300507,9.460000000
2,300369,15.550000000
2,300354,12.580000000
2,300367,6.030000000
1,603308,9.160000000
2,300388,9.590000000
1,603777,13.160000000
1,603989,18.780000000
2,002719,10.700000000
1,603806,37.380000000
2,002700,7.140000000
1,603088,9.830000000
1,603566,12.430000000
1,603009,6.100000000
1,603688,12.130000000
2,002782,12.030000000
1,601969,6.190000000
2,300351,8.570000000
2,300355,3.780000000
2,002721,5.570000000
1,600917,6.900000000
2,300368,7.000000000
2,300396,16.900000000
2,300403,5.500000000
2,002697,6.740000000
2,300360,7.890000000
2,300357,31.950000000
2,002843,8.440000000
2,002707,5.770000000
2,300363,9.080000000
2,300373,14.510000000
1,601579,8.610000000
2,002748,8.040000000
2,002705,10.580000000
2,300546,24.590000000
2,300377,10.760000000
2,300391,6.720000000
2,002838,11.700000000
1,603023,4.360000000
1,603609,14.160000000
2,300385,12.630000000
2,300376,4.560000000
2,300419,6.060000000
2,002728,16.540000000
2,002724,6.420000000
2,002726,10.050000000
2,300380,18.780000000
1,603005,18.040000000
2,300365,14.300000000
2,300379,19.160000000
2,300359,5.870000000
2,300399,13.630000000
1,603100,8.660000000
2,002712,6.570000000
2,300386,11.160000000
2,300405,7.920000000
2,300387,10.070000000
2,300378,15.010000000
2,002773,32.480000000
2,300390,5.790000000
1,603099,9.490000000
1,603111,5.120000000
2,000333,53.340000000
1,600023,4.320000000
1,603069,6.620000000
1,603158,15.400000000
2,002801,27.540000000
1,603117,4.000000000
1,603979,9.180000000
2,300476,11.900000000
2,300527,12.970000000
1,603309,16.480000000
1,603997,7.540000000
1,601595,14.810000000
2,002798,20.790000000
2,002802,20.010000000
1,603389,7.340000000
2,300435,12.370000000
1,603611,16.690000000
2,300491,13.550000000
1,603843,6.020000000
2,300596,32.400000000
1,603010,11.050000000
1,603988,10.850000000
2,300521,10.390000000
2,300579,27.810000000
2,002796,40.330000000
1,603889,6.100000000
2,002800,20.610000000
2,300393,12.850000000
2,002739,16.390000000
2,300421,6.990000000
2,300438,16.250000000
2,300430,8.600000000
2,300475,13.360000000
2,002757,18.000000000
1,600909,6.520000000
1,603789,14.070000000
2,300411,7.910000000
2,300536,8.370000000
2,300505,22.660000000
2,300436,34.050000000
1,601211,18.070000000
1,603818,7.080000000
2,002779,15.410000000
1,603701,10.760000000
1,600958,10.370000000
1,601198,11.280000000
2,002770,3.290000000
1,603355,20.300000000
1,603788,14.110000000
1,603828,7.940000000
1,601689,10.070000000
2,002781,17.490000000
1,601226,4.350000000
1,603227,4.160000000
1,603030,5.830000000
1,603899,40.440000000
2,300501,12.250000000
1,603860,27.950000000
2,300437,12.060000000
2,300409,11.150000000
2,300467,17.420000000
2,300415,7.340000000
2,300530,42.540000000
2,300417,39.810000000
2,300452,15.420000000
2,002740,6.080000000
1,603369,27.880000000
1,603011,4.970000000
1,603698,13.080000000
1,601021,44.140000000
1,603726,11.560000000
1,603320,17.770000000
2,002768,22.860000000
1,603015,6.580000000
1,603606,9.490000000
1,603959,12.950000000
1,603696,10.210000000
2,002730,7.910000000
2,002761,8.760000000
2,002791,17.170000000
2,002732,20.830000000
1,603368,34.360000000
2,300463,24.410000000
2,300523,34.450000000
2,002742,7.140000000
2,300455,9.200000000
1,603318,24.290000000
2,300449,10.130000000
2,300443,14.360000000
2,300398,14.210000000
1,603116,7.620000000
1,603866,40.990000000
2,002786,6.560000000
1,603730,23.270000000
1,600959,4.210000000
2,002776,9.480000000
2,300384,16.460000000
1,603188,7.090000000
1,603383,79.000000000
2,300406,15.360000000
2,002771,10.080000000
2,300441,8.240000000
2,300511,8.380000000
2,300513,12.840000000
2,300448,6.760000000
2,002767,17.790000000
2,002818,12.420000000
1,603101,6.300000000
1,603528,7.290000000
1,603883,59.550000000
2,002735,16.000000000
1,603885,13.170000000
1,603909,19.670000000
2,002780,19.800000000
2,002741,12.140000000
1,603017,12.900000000
1,603798,10.800000000
2,300374,9.480000000
2,300418,12.930000000
2,300552,30.230000000
2,300429,13.370000000
2,300440,7.410000000
2,300407,7.660000000
2,300529,59.690000000
2,002729,34.310000000
1,603779,14.240000000
2,002733,20.770000000
2,002747,8.750000000
1,603998,7.010000000
1,603901,7.840000000
1,603918,10.250000000
1,603703,14.360000000
1,603567,12.300000000
1,603608,6.710000000
1,603031,13.660000000
1,603520,22.550000000
1,603999,5.480000000
2,002755,11.860000000
2,300466,5.250000000
2,300469,14.260000000
1,601882,7.910000000
1,601985,5.570000000
1,601069,14.020000000
2,002749,11.240000000
1,601015,3.690000000
2,002750,10.680000000
2,002737,14.840000000
1,603025,9.300000000
2,300492,24.830000000
2,300479,14.860000000
2,300495,12.590000000
2,300464,7.900000000
2,300424,18.000000000
2,300465,7.900000000
1,603969,4.410000000
1,601811,11.280000000
1,603667,8.280000000
1,603660,13.850000000
2,002775,6.010000000
2,002766,2.410000000
2,002763,8.490000000
1,601968,4.610000000
1,603868,36.330000000
1,603421,17.940000000
1,603515,30.520000000
1,603919,14.830000000
2,002762,5.540000000
1,603556,14.220000000
1,601500,6.770000000
1,603816,31.540000000
1,603569,11.010000000
2,300480,14.250000000
2,300486,13.650000000
2,300490,10.100000000
2,300494,11.040000000
2,300489,17.270000000
2,300478,15.160000000
2,300471,9.270000000
2,300472,12.600000000
1,603898,16.280000000
1,603612,11.510000000
1,600939,4.620000000
1,603558,8.220000000
1,603090,15.060000000
1,603160,158.710000000
1,603012,10.870000000
1,603021,5.870000000
1,603887,17.350000000
1,603663,15.370000000
1,603636,9.700000000
2,002788,7.470000000
1,603618,7.200000000
1,603986,103.150000000
1,603588,10.350000000
2,002760,18.440000000
2,002819,18.330000000
2,300526,22.960000000
2,300496,33.320000000
2,300555,10.040000000
2,300547,10.200000000
2,300522,16.540000000
2,300484,11.980000000
2,300432,6.130000000
2,300535,14.660000000
2,300534,6.330000000
2,300559,21.650000000
1,603118,9.340000000
2,002793,15.220000000
2,002806,14.680000000
2,002787,6.790000000
2,002822,7.300000000
2,002789,16.590000000
2,002811,14.910000000
1,603189,17.950000000
2,002821,94.500000000
2,002809,16.150000000
2,002832,25.000000000
2,002817,19.450000000
2,300392,7.150000000
2,300433,7.380000000
2,300462,23.230000000
2,300512,11.610000000
2,002795,13.340000000
1,603718,12.340000000
1,601900,9.120000000
2,300500,14.880000000
2,002790,6.670000000
2,002753,9.220000000
1,603799,20.590000000
1,600936,4.470000000
2,300517,15.110000000
1,603690,20.020000000
2,002758,8.900000000
2,002759,12.340000000
1,603159,12.740000000
1,603589,61.200000000
2,300519,14.750000000
2,300470,24.920000000
1,603977,8.330000000
2,300414,12.560000000
2,300425,4.960000000
2,300460,9.150000000
1,603900,11.510000000
1,601366,5.990000000
1,601212,4.090000000
2,300518,25.000000000
2,300506,8.530000000
2,300533,38.430000000
2,300453,7.880000000
2,002797,6.130000000
1,603060,18.290000000
1,603315,10.940000000
1,603800,12.390000000
1,603600,10.020000000
1,603936,15.170000000
1,603825,11.730000000
1,603616,9.590000000
2,300410,10.230000000
1,603338,63.300000000
2,002751,20.210000000
1,601966,18.680000000
1,603018,12.350000000
2,300395,17.700000000
1,603222,42.330000000
1,603108,10.090000000
2,002813,28.670000000
2,002823,9.470000000
1,601611,7.590000000
2,300510,5.030000000
2,300447,12.290000000
2,300420,5.130000000
2,300516,33.930000000
2,300364,4.160000000
1,603377,15.470000000
1,603508,68.110000000
2,300520,17.130000000
1,603929,15.460000000
1,603022,8.920000000
1,603131,15.080000000
2,002820,12.400000000
1,603085,9.730000000
1,603268,16.010000000
1,603020,7.950000000
1,603198,17.750000000
2,300485,9.910000000
2,300404,21.200000000
1,603958,7.720000000
1,603738,19.740000000
1,603339,14.860000000
1,603266,12.710000000
2,300442,14.120000000
2,002731,9.370000000
2,002777,26.350000000
2,300528,7.390000000
2,300456,13.000000000
2,002803,19.500000000
1,603939,68.020000000
2,300461,20.700000000
2,300416,20.200000000
2,300468,16.190000000
2,300572,46.450000000
2,300423,14.980000000
2,300537,15.550000000
2,300431,6.320000000
1,603603,12.300000000
1,603306,14.300000000
1,603169,7.070000000
1,603859,21.170000000
1,603878,9.980000000
2,002772,7.900000000
2,002828,13.160000000
1,603033,17.650000000
1,603311,10.010000000
2,002856,20.170000000
1,603028,9.330000000
1,603036,11.820000000
1,603838,9.110000000
2,300473,27.780000000
2,300474,42.100000000
2,300482,38.450000000
2,300497,15.950000000
1,603066,7.190000000
1,603027,21.300000000
1,603987,7.390000000
1,603678,24.460000000
1,601127,12.870000000
2,300549,14.510000000
2,300600,9.650000000
2,300586,13.040000000
2,002829,21.160000000
1,603258,22.910000000
1,603319,16.970000000
1,603568,20.950000000
1,603444,211.030000000
1,603029,14.520000000
2,002812,33.200000000
1,603639,25.740000000
2,300422,11.610000000
2,300542,13.500000000
2,300509,7.990000000
2,300499,10.240000000
1,603007,7.970000000
1,603658,68.370000000
1,603822,25.260000000
2,300503,8.200000000
1,603869,12.060000000
1,603043,30.790000000
1,603313,17.960000000
2,300508,33.170000000
2,300412,6.870000000
1,603819,13.670000000
1,603299,7.950000000
1,603026,30.670000000
2,002825,17.150000000
2,300525,19.290000000
2,300545,28.170000000
2,300543,23.690000000
2,300531,17.390000000
2,300570,27.690000000
1,600977,14.120000000
1,603300,7.220000000
1,603598,8.030000000
1,603019,35.330000000
1,603689,11.090000000
2,002816,18.160000000
1,603519,16.300000000
2,002785,9.980000000
1,603067,5.920000000
2,300665,10.600000000
2,300573,66.240000000
2,300428,12.940000000
1,603601,7.700000000
2,002835,9.980000000
1,601878,8.900000000
1,603886,23.700000000
1,603858,26.300000000
2,002736,13.620000000
1,603345,49.690000000
2,300426,5.760000000
2,002765,5.480000000
2,002810,15.190000000
2,300434,8.260000000
2,300539,8.280000000
2,300488,17.160000000
1,603808,13.840000000
1,603737,46.540000000
1,603778,5.280000000
2,300439,14.770000000
1,603398,10.010000000
1,603223,6.730000000
1,603016,14.200000000
2,300450,36.420000000
2,300502,27.650000000
2,300446,22.520000000
1,603628,7.760000000
2,300427,14.000000000
2,300493,7.080000000
2,300459,2.660000000
2,300487,32.350000000
2,300457,24.100000000
1,603968,17.750000000
2,300548,33.280000000
2,300451,14.310000000
2,300560,16.990000000
2,300561,14.110000000
2,300550,28.170000000
2,300394,32.240000000
2,300556,16.320000000
2,300538,19.020000000
2,300551,17.700000000
2,300569,11.840000000
2,300631,18.450000000
2,300515,9.260000000
2,300553,37.080000000
2,300540,15.410000000
2,300558,46.290000000
2,300541,15.900000000
1,603559,19.240000000
1,601858,12.340000000
1,603239,9.050000000
1,603186,33.260000000
1,603716,16.450000000
1,603888,19.350000000
1,603416,26.150000000
1,603633,11.560000000
1,603098,11.060000000
1,603669,7.450000000
1,601163,13.020000000
1,603505,20.890000000
1,603708,23.460000000
2,002865,18.570000000
2,002836,13.180000000
2,002842,14.000000000
2,002824,10.640000000
1,603203,23.190000000
1,603035,8.670000000
1,603727,21.120000000
2,300458,23.630000000
2,300413,37.600000000
2,300481,14.990000000
2,300408,20.810000000
1,600908,5.740000000
2,002839,5.670000000
1,601229,9.180000000
1,603323,5.440000000
1,600919,7.010000000
2,002807,4.590000000
1,601128,8.320000000
1,601997,8.800000000
1,600926,8.370000000
1,603322,18.690000000
2,300582,11.340000000
2,300557,28.490000000
1,603336,16.850000000
2,300623,19.720000000
2,002840,17.040000000
1,601881,11.580000000
1,603797,11.920000000
2,300563,28.600000000
2,002833,33.740000000
2,300657,25.410000000
2,300562,12.480000000
2,300565,13.360000000
1,603585,23.480000000
2,002831,19.000000000
2,002845,17.190000000
1,603517,38.480000000
1,603388,7.350000000
1,603990,32.700000000
1,603577,11.200000000
1,603298,12.140000000
1,603668,8.200000000
1,603966,10.540000000
2,300587,11.950000000
2,300575,26.850000000
1,603833,104.420000000
2,002837,17.120000000
2,300686,16.600000000
2,300566,16.990000000
2,300567,48.800000000
2,002857,13.650000000
2,002848,13.300000000
2,002841,76.430000000
1,603637,15.240000000
1,603877,14.990000000
1,603928,13.090000000
1,603086,25.920000000
1,603218,19.290000000
1,603823,19.700000000
1,603228,41.060000000
2,300615,22.690000000
1,603638,25.220000000
1,603579,28.270000000
1,603677,12.580000000
2,002858,19.580000000
1,603177,11.290000000
1,603538,21.220000000
1,601020,9.400000000
2,300682,18.520000000
1,603039,68.010000000
1,603037,17.910000000
1,603811,21.000000000
1,601375,5.120000000
1,603881,30.780000000
1,603626,8.280000000
2,002850,23.460000000
2,002861,23.950000000
2,300606,17.900000000
2,300619,24.880000000
1,603303,8.900000000
1,601228,4.030000000
2,300580,15.650000000
1,603358,12.460000000
1,603038,13.820000000
1,603040,27.410000000
2,300578,24.890000000
2,300571,41.160000000
2,300598,35.780000000
2,002867,21.900000000
1,603165,18.220000000
1,603839,12.250000000
1,603360,34.870000000
2,002855,10.930000000
1,603208,35.110000000
1,603032,23.980000000
1,603908,26.360000000
2,300597,14.340000000
1,603665,25.190000000
2,300581,16.780000000
2,300576,18.860000000
2,000166,4.940000000
1,603089,13.860000000
2,002846,13.540000000
2,002847,31.330000000
2,300592,10.540000000
1,603817,7.190000000
2,300678,20.670000000
1,603337,19.060000000
2,300568,27.280000000
1,603238,18.680000000
2,002853,17.710000000
1,603330,14.300000000
1,603615,9.620000000
1,603656,15.690000000
2,300617,23.030000000
2,002849,15.390000000
1,600996,9.750000000
1,603393,23.430000000
1,603630,15.010000000
1,603955,15.810000000
1,603996,4.730000000
1,603138,15.290000000
1,603960,24.700000000
1,603896,34.880000000
2,002852,13.800000000
2,300659,34.270000000
1,603903,14.060000000
1,603991,19.220000000
1,603768,11.590000000
2,300647,14.240000000
1,603385,8.770000000
2,002875,19.850000000
1,603178,9.570000000
2,002774,8.720000000
1,603078,28.500000000
1,603133,13.670000000
1,603787,19.930000000
1,603179,13.730000000
1,601952,7.090000000
1,603920,13.350000000
2,300593,14.450000000
2,300577,34.330000000
1,603096,59.880000000
1,603803,12.480000000
2,002862,20.590000000
1,603758,6.660000000
1,603050,11.040000000
2,002878,25.760000000
1,603906,10.630000000
1,603180,52.780000000
1,603041,15.900000000
1,603536,10.140000000
1,603113,12.200000000
2,300629,21.780000000
2,300583,32.840000000
2,002882,11.800000000
2,002868,20.760000000
1,603232,26.550000000
1,603269,15.180000000
1,603229,12.810000000
1,603826,15.610000000
2,002859,27.400000000
1,603058,7.770000000
1,603855,8.490000000
2,002870,24.190000000
2,300589,13.590000000
2,300601,60.060000000
2,300585,15.570000000
1,603926,12.000000000
2,002860,19.900000000
1,603501,68.450000000
1,603200,26.140000000
2,300612,20.560000000
1,603586,16.720000000
1,603139,16.960000000
1,603496,18.710000000
2,002871,23.050000000
1,603728,13.490000000
2,002869,49.630000000
2,300588,12.100000000
2,300590,33.300000000
2,300613,105.930000000
2,300618,41.680000000
2,300616,77.950000000
2,002876,28.180000000
2,002872,5.680000000
1,603717,8.650000000
1,603879,7.820000000
1,603081,11.670000000
2,002863,5.800000000
2,300645,14.920000000
2,300610,12.400000000
2,300675,17.300000000
2,300638,56.580000000
2,300602,29.520000000
2,300595,37.380000000
2,300584,30.100000000
2,300599,10.430000000
1,603335,5.160000000
2,300605,12.180000000
2,300591,5.980000000
2,300639,15.010000000
2,300608,16.180000000
1,603316,8.930000000
1,603331,16.030000000
1,603488,8.820000000
1,603679,38.650000000
2,300498,39.500000000
1,603357,12.510000000
2,002866,11.680000000
2,002877,8.510000000
2,002880,46.710000000
1,603063,10.110000000
2,002886,19.220000000
1,603387,25.380000000
2,002879,14.080000000
1,603196,8.440000000
1,603042,14.120000000
1,603985,15.970000000
1,603938,19.010000000
2,002884,13.710000000
1,603767,7.460000000
2,300622,16.250000000
2,300611,9.130000000
2,300609,33.180000000
2,300625,13.880000000
2,300621,9.860000000
2,300661,107.770000000
2,300627,18.770000000
2,300626,8.520000000
2,300620,34.400000000
2,300633,25.970000000
2,300628,57.760000000
2,300637,13.560000000
2,300603,16.580000000
2,300635,17.810000000
2,300636,20.360000000
2,300630,45.880000000
2,300662,32.400000000
2,300670,9.260000000
2,300663,27.830000000
1,601155,27.730000000
1,603233,46.740000000
2,300652,20.220000000
2,300648,18.480000000
2,300685,48.250000000
2,300643,9.060000000
2,300514,13.400000000
2,300650,15.520000000
2,300653,60.100000000
2,300676,63.260000000
2,002883,20.100000000
1,603226,21.880000000
1,603933,15.690000000
2,002887,15.590000000
2,300641,5.690000000
2,300680,20.100000000
2,300604,17.840000000
2,300642,38.080000000
2,300658,14.010000000
2,300651,34.090000000
2,300649,21.230000000
2,300554,18.720000000
1,603286,15.510000000
2,001979,21.110000000
2,300666,38.320000000
2,300660,15.510000000
2,300667,29.460000000
2,300655,20.630000000
1,603757,14.640000000
2,002827,10.730000000
1,603326,12.140000000
1,603980,8.560000000
1,601619,4.190000000
2,002890,19.710000000
1,603617,18.210000000
2,002826,9.920000000
2,300656,22.020000000
2,300671,21.590000000
1,603801,18.700000000
2,002888,18.690000000
2,002885,16.690000000
1,603707,27.720000000
2,300640,7.910000000
1,603380,15.090000000
2,002881,22.560000000
1,603305,24.090000000
2,300681,25.660000000
1,603595,22.520000000
2,300677,16.490000000
2,300668,18.470000000
2,300672,30.800000000
2,300669,21.300000000
2,300687,14.570000000
2,300679,32.430000000
1,603429,28.600000000
1,603676,11.470000000
2,300607,36.030000000
1,603578,19.000000000
1,603580,13.050000000
2,300632,18.010000000
1,601200,12.260000000
1,603225,12.150000000
2,002873,15.400000000
2,300673,25.870000000
1,603359,16.420000000
1,603363,24.000000000
2,300654,13.200000000
1,601326,3.340000000
1,601949,6.170000000
1,603079,33.000000000
1,603106,10.120000000
1,603127,47.730000000
1,603129,20.350000000
1,603183,11.220000000
1,603181,15.010000000
1,603277,9.270000000
1,603321,8.340000000
1,603386,15.560000000
1,603458,20.080000000
1,603500,12.390000000
1,603527,10.830000000
1,603535,18.740000000
1,603557,8.750000000
1,603602,18.810000000
1,603648,14.180000000
1,603721,16.900000000
1,603725,8.320000000
1,603776,16.840000000
1,603813,17.860000000
1,603882,37.700000000
1,603880,9.730000000
1,603978,29.430000000
1,603976,17.290000000
2,002891,18.460000000
2,002897,22.200000000
2,002899,13.290000000
2,002893,14.060000000
2,002895,13.410000000
2,002892,39.020000000
2,002896,23.270000000
2,002898,13.550000000
2,002902,29.370000000
2,300683,31.310000000
2,300688,24.840000000
2,300689,33.650000000
2,300691,19.820000000
2,300690,23.000000000
2,300692,13.470000000
2,300693,12.580000000
2,300697,13.740000000
2,300699,38.560000000
2,300696,28.110000000
2,300695,51.290000000
2,300700,23.830000000
2,300701,23.170000000
2,300702,33.990000000
2,300703,9.840000000
1,603055,7.430000000
1,603533,15.280000000
1,603963,11.190000000
2,002901,41.350000000
2,002900,11.640000000
2,300707,13.640000000
1,603157,6.120000000
1,603110,15.440000000
2,002903,15.250000000
2,300706,24.000000000
2,002906,10.710000000
1,603499,22.700000000
1,603136,20.140000000
2,002905,14.900000000
2,300708,17.220000000
1,603829,10.560000000
1,603378,12.900000000
1,601086,5.290000000
1,603367,13.750000000
1,603396,19.800000000
2,300709,52.940000000
2,300710,27.040000000
1,603683,13.530000000
2,002908,12.810000000
1,603466,15.110000000
2,300705,10.850000000
1,603922,16.670000000
2,002907,16.280000000
1,601108,11.120000000
2,300715,19.810000000
2,002909,10.600000000
1,603607,19.370000000
1,603722,22.900000000
1,603103,14.210000000
2,002910,11.950000000
1,603289,10.280000000
2,300712,12.050000000
2,300713,12.710000000
1,603912,14.150000000
2,300711,16.060000000
1,603856,10.320000000
1,603507,19.660000000
2,300718,16.950000000
2,300720,15.880000000
2,300717,17.820000000
1,600903,12.280000000
2,300716,16.400000000
2,300719,12.300000000
1,603260,31.460000000
2,300722,23.140000000
1,603916,12.330000000
1,603083,29.880000000
1,603076,24.440000000
1,603278,10.460000000
2,300725,51.840000000
1,603937,12.500000000
2,002864,26.240000000
2,300721,19.580000000
1,603659,54.710000000
2,300723,37.180000000
1,603970,13.430000000
1,600933,8.620000000
2,002912,105.800000000
2,002911,14.670000000
1,603661,33.140000000
2,300726,23.730000000
1,603685,11.950000000
2,300727,15.410000000
1,603605,69.400000000
1,603809,10.340000000
1,603619,18.250000000
1,603365,17.580000000
1,603711,34.810000000
1,603848,21.020000000
1,601019,7.350000000
2,002913,46.880000000
2,300729,23.110000000
2,300730,17.240000000
2,002915,28.690000000
2,300731,18.930000000
2,002917,13.130000000
2,002916,114.360000000
2,300732,18.300000000
1,603890,10.380000000
1,603917,10.860000000
2,002918,12.980000000
2,002919,14.660000000
1,603283,25.950000000
2,300684,17.540000000
2,002920,25.350000000
2,002921,20.280000000
1,600025,4.610000000
1,603477,7.350000000
2,300735,21.030000000
2,002922,14.750000000
2,001965,8.200000000
2,300664,11.550000000
2,002923,18.410000000
1,603161,14.300000000
2,300736,12.690000000
1,603329,21.050000000
1,603655,15.970000000
1,603080,16.870000000
1,601828,11.580000000
1,603056,13.460000000
2,002925,38.700000000
2,300733,11.950000000
2,300624,49.500000000
2,300738,30.140000000
1,603895,22.400000000
1,603356,12.200000000
2,300737,9.800000000
1,601838,8.530000000
1,603506,18.720000000
1,603516,27.430000000
2,300739,17.970000000
2,002926,10.050000000
1,603871,32.650000000
2,300644,28.090000000
1,603709,25.760000000
2,300740,9.120000000
1,603156,33.800000000
2,002927,18.660000000
1,600901,6.170000000
1,603712,20.150000000
1,603680,11.430000000
1,603059,23.280000000
2,300741,31.510000000
2,002929,27.890000000
2,002928,10.660000000
1,601360,20.380000000
2,300634,20.560000000
1,600929,7.810000000
2,002930,15.020000000
2,300504,23.690000000
1,603214,33.950000000
2,002931,27.050000000
1,603897,19.500000000
1,603301,20.510000000
2,300743,21.700000000
1,603773,30.690000000
1,603876,14.730000000
1,603733,14.070000000
1,603348,18.120000000
1,603596,15.190000000
1,603259,66.000000000
1,603013,14.940000000
2,300742,27.900000000
2,300454,97.020000000
1,603045,16.540000000
2,300745,23.620000000
2,300746,15.720000000
1,603486,26.750000000
1,601138,13.280000000
1,601330,12.250000000
2,300750,77.600000000
1,603666,52.440000000
1,601990,9.890000000
1,601066,19.500000000
1,603587,21.900000000
2,300747,137.000000000
1,603650,19.510000000
1,603693,11.440000000
1,603105,7.480000000
1,603706,18.990000000
2,002932,39.230000000
1,603713,34.880000000
1,601869,34.870000000
1,600968,3.670000000
1,600989,11.270000000
1,600928,7.190000000
1,601068,6.360000000
1,601298,8.200000000
1,601319,9.040000000
1,601598,4.520000000
1,601577,9.110000000
1,601615,10.230000000
1,601606,14.770000000
1,601860,6.970000000
1,601865,9.240000000
1,601975,3.050000000
1,601162,9.400000000
1,603121,16.570000000
1,603068,72.030000000
1,603192,26.810000000
1,603185,26.710000000
1,603217,56.270000000
1,603297,37.880000000
1,603220,26.070000000
1,603267,47.530000000
1,603332,26.510000000
1,603317,40.670000000
1,603187,29.500000000
1,603327,25.070000000
1,603379,39.100000000
1,603351,33.100000000
1,603583,32.350000000
1,603629,30.050000000
1,603590,38.410000000
1,603681,20.660000000
1,603697,17.440000000
1,603700,22.590000000
1,603790,17.400000000
1,603739,25.710000000
1,603657,24.250000000
1,603867,30.840000000
1,603863,21.920000000
1,603810,29.450000000
1,603915,16.670000000
1,603956,15.570000000
1,603967,18.390000000
1,603982,19.070000000
2,001872,17.800000000
2,002938,35.670000000
2,002951,20.650000000
2,002933,45.960000000
2,002952,43.770000000
2,002948,6.100000000
2,002953,22.640000000
2,002943,28.250000000
2,002935,32.420000000
2,002941,22.570000000
2,002947,41.950000000
2,002945,16.690000000
2,002949,20.480000000
2,002950,21.950000000
2,002939,14.980000000
2,002946,14.500000000
2,002940,31.980000000
2,002937,16.310000000
2,002942,25.190000000
2,002936,4.950000000
2,002958,6.440000000
2,002955,60.700000000
2,002956,54.430000000
2,300594,35.790000000
2,300694,17.660000000
2,300674,29.890000000
2,300748,45.390000000
2,300753,37.700000000
2,300771,59.680000000
2,300758,30.630000000
2,300724,28.800000000
2,300756,36.100000000
2,300749,13.350000000
2,300766,42.000000000
2,300755,37.410000000
2,300768,38.930000000
2,300763,37.700000000
2,300759,35.990000000
2,300769,96.030000000
2,300751,124.400000000
2,300779,36.210000000
2,300775,28.900000000
2,300757,29.180000000
2,300773,61.450000000
2,300770,80.540000000
2,300752,27.120000000
2,300777,31.300000000
2,300762,59.490000000
2,300761,56.220000000
2,300780,22.920000000
2,300776,132.900000000
2,300772,13.870000000
2,300760,164.800000000
2,300781,36.060000000
2,300767,32.970000000
2,300778,41.230000000
2,300765,36.410000000
2,300782,229.980000000
1,601698,10.770000000
1,688002,47.980000000
1,688003,48.390000000
2,300783,54.850000000
2,300785,96.480000000
1,688006,55.180000000
1,603236,124.640000000
1,601236,13.940000000
2,300788,42.710000000
1,688008,75.960000000
1,603256,10.270000000
1,688005,47.510000000
1,688007,43.740000000
1,688010,74.470000000
1,688011,70.680000000
1,688019,191.740000000
1,688012,85.180000000
1,688018,153.970000000
1,688333,69.350000000
1,688009,10.310000000
2,300786,49.870000000
1,688088,62.490000000
1,688016,154.490000000
1,688122,49.220000000
1,688029,126.260000000
1,688015,48.300000000
1,688022,55.000000000
1,688066,50.000000000
1,688033,43.000000000
1,688028,74.680000000
1,688388,63.400000000
1,688020,105.000000000
1,603983,32.540000000
1,603687,10.580000000
1,603279,13.560000000
2,002957,21.740000000
2,002966,7.860000000
1,603613,15.130000000
1,688001,53.470000000
1,603530,5.940000000
1,603662,19.830000000
1,688099,0.000000000
1,688188,0.000000000
1,688321,0.000000000
1,688110,5.940000000